1	-999
2	-999
3	-999
4	-999
5	-999
6	-999
7	-999
8	-999
9	-999
10	-999
11	-0.309302
12	2.508388
13	1.819883
14	0.142213
15	0.635248
16	0.584781
17	0.560996
18	0.299767
19	0.076643
20	0.287843
21	-0.323073
22	-0.249492
23	-0.414164
24	0.686621
25	0.832238
26	0.847073
27	0.092175
28	0.980744
29	-0.555708
30	0.150273
31	1.060390
32	2.137834
33	0.429189
34	0.620526
35	1.204324
36	0.793181
37	0.699454
38	0.354121
39	0.785942
40	-0.408826
41	-0.236625
42	-0.228753
43	-0.844306
44	0.246113
45	-0.458798
46	-0.233339
47	0.097395
48	-0.104802
49	-0.302008
50	-0.120597
51	-0.049789
52	0.027504
53	-0.767794
54	-0.749964
55	-0.742261
56	-0.440339
57	-0.487944
58	-0.056968
59	-0.342220
60	-0.295083
61	-0.627598
62	-0.187013
63	-0.612212
64	-0.352937
65	-0.133791
66	-0.415006
67	-0.749790
68	-0.712065
69	-0.789491
70	-0.772239
71	-0.749035
72	-0.404323
73	-0.532236
74	-0.566078
75	-0.592300
76	0.421774
77	1.977690
78	7.298779
79	1.118581
80	-0.124899
81	-0.085401
82	1.442077
83	-0.388038
84	-0.133592
85	-0.204391
86	-0.158575
87	-0.153888
88	0.186279
89	-0.126931
90	0.064595
91	-0.186014
92	-0.113619
93	0.137877
94	-0.161570
95	0.605084
96	0.637041
97	0.014424
98	1.377233
99	-0.017126
100	-0.179881
101	-0.408151
102	-0.116730
103	-0.428272
104	-0.447966
105	-0.615806
106	-0.165280
107	-0.128508
108	-0.247659
109	-0.525893
110	-0.564207
111	-0.107944
112	-0.025698
113	-0.563333
114	-0.496195
115	-0.329331
116	-0.229936
117	-0.070077
118	-0.386367
119	-0.122502
120	-0.610238
121	0.447345
122	-0.112583
123	0.017218
124	0.104722
125	0.070756
126	0.119474
127	-0.463024
128	-0.400616
129	0.720829
130	1.737114
131	3.922292
132	5.689831
133	0.558186
134	-0.114144
135	-0.220663
136	0.461087
137	1.988037
138	1.352669
139	1.664289
140	-0.085378
141	0.246313
142	-0.328300
143	-0.546289
144	-0.592459
145	-0.719996
146	0.491483
147	-0.225297
148	-0.387039
149	-0.539106
150	-0.559548
151	-0.790016
152	-0.573280
153	-0.764083
154	-0.608042
155	0.088047
156	0.195678
157	0.373469
158	-0.009089
159	0.394187
160	-0.548476
161	-0.081860
162	-0.591905
163	-0.694088
164	-0.325113
165	-0.194144
166	-0.447991
167	-0.272094
168	-0.378797
169	0.007943
170	0.094004
171	-0.107041
172	-0.049684
173	-0.390449
174	-0.542218
175	-0.101177
176	-0.090952
177	-0.425213
178	0.069742
179	1.677210
180	-0.517535
181	-0.412528
182	-0.449179
183	-0.196212
184	-0.035832
185	1.370630
186	2.252582
187	-0.372057
188	-0.254442
189	-0.527492
190	-0.327736
191	0.571713
192	-0.324284
193	0.156508
194	-0.573751
195	-0.056124
196	-0.314966
197	-0.006064
198	-0.527867
199	-0.181641
200	-0.445181
201	-0.268916
202	-0.094704
203	-0.460113
204	-0.619979
205	0.455592
206	4.420864
207	1.838378
208	-0.026213
209	-0.496123
210	-0.569788
211	-0.793548
212	-0.594584
213	-0.447488
214	0.211058
215	-0.229308
216	-0.527872
217	-0.714449
218	-0.157013
219	-0.495209
220	-0.129916
221	-0.322249
222	-0.477114
223	-0.214846
224	-0.981501
225	-0.426453
226	-0.388825
227	-0.538676
228	-0.601824
229	-0.769770
230	-0.855670
231	-0.655433
232	-0.370073
233	-0.528913
234	-0.284543
235	-0.371575
236	-0.609497
237	-0.528283
238	-0.664402
239	-0.146903
240	-0.299193
241	-0.526536
242	0.060018
243	4.380026
244	1.076309
245	3.030083
246	1.066641
247	0.732931
248	1.222798
249	-0.309908
250	1.044701
251	-0.308507
252	0.412905
253	1.285636
254	-0.215069
255	-0.329645
256	-0.306698
257	-0.341993
258	-0.246366
259	-0.408943
260	-0.530149
261	-0.625820
262	-0.221491
263	-0.371395
264	-0.332445
265	-0.346006
266	-0.647667
267	-0.683315
268	-0.716895
269	-0.638565
270	-0.686926
271	-0.298302
272	-0.234314
273	-0.386202
274	0.281537
275	-0.278806
276	-0.678069
277	-0.407878
278	-0.343264
279	-0.029612
280	-0.186335
281	-0.433221
282	-0.463974
283	-0.303558
284	-0.149813
285	-0.566203
286	-0.320359
287	0.059221
288	0.209017
289	-0.010391
290	0.192987
291	0.032596
292	1.071153
293	0.029870
294	3.731582
295	1.967114
296	6.134654
297	2.464384
298	7.467005
299	1.210551
300	0.310424
301	0.341663
302	-0.016789
303	-0.241621
304	0.231749
305	-0.718287
306	0.420976
307	0.357242
308	0.337582
309	0.291676
310	0.148621
311	-0.141908
312	0.204927
313	-0.640164
314	-0.494808
315	-0.525251
316	0.227449
317	-0.179220
318	-0.497182
319	-0.247039
320	-0.346722
321	-0.439128
322	-0.555272
323	-0.410764
324	-0.947088
325	-0.666940
326	-0.775366
327	-0.649913
328	-0.637242
329	-0.729044
330	-0.437773
331	-0.520838
332	-0.411778
333	-0.444061
334	-0.489916
335	-0.685290
336	-0.142366
337	-0.446717
338	-0.102369
339	-0.287935
340	-0.862553
341	-0.229840
342	-0.361003
343	-0.471993
344	-0.426296
345	-0.449682
346	-0.760588
347	-0.353248
348	-0.257451
349	-0.435683
350	-0.190546
351	-0.417175
352	-0.558046
353	-0.412007
354	-0.340545
355	-0.622202
356	-0.585902
357	-0.063235
358	-0.220240
359	-0.679619
360	-0.622836
361	-0.564266
362	-0.550121
363	-0.586136
364	-0.417796
365	-0.407175
366	-0.551170
367	-0.469723
368	-0.604645
369	-0.755206
370	-0.328628
371	-0.502744
372	-0.596329
373	-0.071969
374	-0.629277
375	-0.167318
376	-0.367510
377	-0.689136
378	-0.369280
379	-0.717230
380	-0.566077
381	-0.227925
382	-0.487385
383	0.002972
384	-0.082487
385	0.556557
386	-0.146264
387	-0.213107
388	-0.057153
389	-0.224293
390	-0.126258
391	-0.176739
392	-0.120743
393	0.125963
394	0.176372
395	-0.089968
396	-0.464019
397	-0.063612
398	0.889422
399	0.152892
400	-0.177766
401	0.226629
402	-0.022243
403	-0.166118
404	-0.285289
405	-0.475678
406	-0.480392
407	0.213412
408	-0.279250
409	-0.442024
410	-0.228935
411	-0.597830
412	-0.775542
413	-0.493613
414	0.152646
415	-0.445211
416	-0.203994
417	-0.611126
418	3.157562
419	0.415117
420	-999
421	-999
