1	-999
2	-999
3	-999
4	-999
5	-999
6	-999
7	-999
8	-999
9	-999
10	-999
11	0.558469
12	4.294982
13	1.556222
14	0.010167
15	1.039425
16	0.704328
17	1.755714
18	0.446039
19	0.052506
20	0.207156
21	-0.350981
22	-0.109442
23	-0.342745
24	0.636262
25	0.705804
26	0.792498
27	-0.023825
28	0.964808
29	-0.605785
30	0.091675
31	1.006831
32	2.180561
33	0.377086
34	0.535221
35	1.038439
36	0.672776
37	0.694959
38	0.284877
39	0.770696
40	-0.449803
41	-0.266219
42	-0.037414
43	-0.792941
44	0.296643
45	-0.501005
46	-0.261477
47	0.035137
48	-0.037482
49	-0.299055
50	-0.151848
51	0.037401
52	-0.388873
53	-0.700428
54	-0.671718
55	-0.712439
56	-0.410078
57	-0.512889
58	-0.068295
59	-0.350375
60	-0.301158
61	-0.665304
62	-0.254875
63	-0.494933
64	-0.392231
65	-0.265966
66	-0.457109
67	-0.564095
68	-0.717213
69	-0.787547
70	-0.809437
71	-0.843894
72	-0.373999
73	-0.548882
74	-0.593735
75	-0.588553
76	0.385452
77	2.381808
78	7.669829
79	1.060685
80	-0.149053
81	-0.061085
82	1.443644
83	-0.463453
84	-0.026931
85	-0.371594
86	-0.132908
87	-0.118923
88	0.248470
89	-0.199578
90	0.026573
91	-0.263868
92	0.098964
93	0.109718
94	-0.293103
95	0.512191
96	0.537321
97	-0.007888
98	1.329278
99	-0.123832
100	-0.211765
101	-0.420729
102	-0.139444
103	-0.544115
104	-0.378398
105	-0.593264
106	-0.067097
107	-0.165680
108	-0.255569
109	-0.501110
110	-0.496645
111	0.095918
112	-0.087522
113	-0.596694
114	-0.621805
115	-0.330858
116	-0.279107
117	-0.119843
118	-0.455928
119	-0.175107
120	-0.656092
121	0.467653
122	-0.040330
123	-0.015597
124	0.033204
125	-0.056139
126	0.246480
127	-0.506126
128	-0.395516
129	0.684287
130	1.600555
131	3.716177
132	5.691748
133	0.546581
134	-0.130506
135	-0.187851
136	0.562157
137	1.913648
138	1.403774
139	1.491684
140	-0.174113
141	0.253508
142	-0.387617
143	-0.514919
144	-0.650761
145	-0.730763
146	0.032062
147	-0.268102
148	-0.460084
149	-0.453246
150	-0.574292
151	-0.689709
152	-0.471334
153	-0.750519
154	-0.645840
155	0.126360
156	0.015190
157	0.310045
158	-0.106269
159	0.375211
160	-0.490557
161	-0.543077
162	-0.626640
163	-0.714783
164	-0.324746
165	-0.085773
166	-0.541200
167	-0.318509
168	-0.347875
169	-0.105386
170	-0.056265
171	-0.194477
172	-0.066128
173	-0.183201
174	-0.549609
175	-0.222998
176	-0.117112
177	-0.445959
178	0.019862
179	1.600660
180	-0.522986
181	-0.377125
182	-0.465820
183	-0.163310
184	0.006709
185	1.331665
186	2.163815
187	-0.373230
188	-0.245783
189	-0.554696
190	-0.324397
191	0.475931
192	-0.352503
193	0.121704
194	-0.584477
195	-0.055249
196	-0.390104
197	-0.052446
198	-0.536563
199	-0.241006
200	-0.449349
201	-0.276176
202	-0.117509
203	-0.485163
204	-0.677890
205	0.199366
206	4.209131
207	1.612477
208	-0.092200
209	-0.521728
210	-0.535534
211	-0.625194
212	-0.626862
213	-0.084815
214	0.170911
215	-0.244644
216	-0.538039
217	-0.742441
218	-0.208443
219	-0.384912
220	-0.028999
221	-0.339174
222	-0.538076
223	-0.217521
224	-0.128223
225	-0.252473
226	-0.378488
227	-0.637058
228	-0.590590
229	-0.720651
230	-0.326891
231	-0.681513
232	-0.455090
233	-0.604455
234	-0.598448
235	-0.396922
236	-0.629479
237	-0.559532
238	-0.488996
239	-0.135588
240	-0.710454
241	-0.477034
242	-0.018711
243	4.735842
244	1.074597
245	3.121645
246	0.942669
247	0.702891
248	1.078616
249	-0.153325
250	0.969815
251	-0.423214
252	0.347612
253	0.916836
254	-0.224799
255	-0.327549
256	-0.297043
257	-0.336846
258	-0.282498
259	-0.445298
260	-0.580053
261	-0.625451
262	-0.258656
263	-0.391012
264	-0.374322
265	-0.359302
266	-0.641425
267	-0.702657
268	-0.664291
269	-0.680947
270	-0.670024
271	-0.367842
272	-0.275449
273	-0.430798
274	0.172617
275	-0.138141
276	-0.715268
277	-0.354291
278	-0.252672
279	0.032295
280	-0.261179
281	-0.366069
282	-0.479685
283	-0.339192
284	-0.176167
285	-0.570704
286	-0.347782
287	0.142803
288	0.106745
289	0.029316
290	0.165883
291	0.003696
292	1.028316
293	-0.035084
294	3.536546
295	1.965249
296	4.532079
297	2.513212
298	7.227933
299	0.870864
300	0.298497
301	0.324560
302	-0.243064
303	-0.329474
304	0.406873
305	-0.756731
306	0.389494
307	0.325533
308	0.318173
309	0.245147
310	0.006417
311	-0.250848
312	0.177065
313	-0.719090
314	-0.522248
315	-0.571051
316	0.309668
317	-0.193578
318	-0.491238
319	-0.291262
320	-0.394141
321	-0.404380
322	-0.561852
323	-0.261450
324	-0.884298
325	-0.632271
326	-0.797992
327	-0.623383
328	-0.688532
329	-0.744012
330	-0.500463
331	-0.566667
332	-0.448893
333	-0.187719
334	-0.492424
335	-0.705487
336	-0.180225
337	-0.473810
338	-0.169860
339	-0.263833
340	-0.718399
341	-0.151427
342	-0.371124
343	-0.519042
344	-0.537397
345	-0.518355
346	-0.663574
347	-0.389257
348	-0.282136
349	-0.411317
350	-0.212660
351	-0.413942
352	-0.621258
353	-0.375575
354	-0.468251
355	-0.638005
356	-0.588367
357	-0.100973
358	-0.258224
359	-0.687724
360	0.741814
361	-0.438729
362	2.503118
363	-0.570850
364	-0.424957
365	-0.444333
366	-0.617120
367	-0.434146
368	-0.591622
369	-0.768778
370	-0.334003
371	-0.416742
372	-0.591162
373	-0.014192
374	-0.648306
375	-0.214691
376	-0.620611
377	-0.753852
378	-0.374285
379	-0.666405
380	-0.661887
381	-0.258400
382	-0.511472
383	-0.246126
384	-0.050708
385	0.508363
386	-0.110235
387	-0.228524
388	0.004379
389	-0.135318
390	-0.154980
391	-0.198276
392	-0.130078
393	0.290348
394	0.056607
395	-0.021068
396	-0.476763
397	-0.010037
398	0.843379
399	0.122828
400	-0.249234
401	0.226462
402	-0.079544
403	-0.198433
404	-0.297070
405	-0.496384
406	-0.588615
407	0.202274
408	-0.264379
409	-0.449640
410	-0.467510
411	-0.606783
412	-0.819951
413	-0.342941
414	-0.011506
415	-0.463756
416	-0.084756
417	-0.634891
418	3.043329
419	0.330794
420	-999
421	-999
