1	-999
2	-999
3	-999
4	-999
5	-999
6	-999
7	-999
8	-999
9	0.461275
10	-0.488930
11	0.587064
12	0.026623
13	1.182346
14	-0.656015
15	0.371493
16	0.993950
17	0.757397
18	0.093782
19	1.284680
20	0.693143
21	5.256725
22	3.608087
23	0.332797
24	-0.390573
25	0.864515
26	0.324208
27	0.132714
28	1.271797
29	0.015212
30	0.042536
31	-0.278095
32	-0.129290
33	-0.292296
34	-0.778699
35	-0.723513
36	1.462737
37	0.940748
38	-0.204924
39	-0.241811
40	-1.015689
41	-0.207249
42	-0.832250
43	-0.456774
44	0.362808
45	-0.353205
46	-0.962297
47	-0.700404
48	-0.649588
49	-0.197369
50	0.756201
51	-0.100491
52	0.830658
53	-0.901665
54	-0.712286
55	-0.504893
56	-0.961081
57	-0.313557
58	1.027467
59	-0.607815
60	0.678856
61	0.002429
62	-0.380552
63	-0.248784
64	-0.556776
65	0.048086
66	-0.299254
67	-1.151038
68	-0.596907
69	-0.315524
70	-0.776957
71	-0.749282
72	-0.623958
73	-0.555394
74	-0.948069
75	1.806211
76	0.239485
77	2.191907
78	5.486048
79	1.336228
80	0.620598
81	-0.251072
82	0.729769
83	1.603126
84	-0.237072
85	2.454686
86	-0.329978
87	-0.336870
88	0.515300
89	0.251059
90	0.274290
91	-0.348503
92	-0.192682
93	0.197428
94	0.584244
95	0.977798
96	0.654409
97	0.044764
98	-0.472525
99	-0.241811
100	0.234243
101	-0.019912
102	-0.262072
103	0.477566
104	0.766727
105	-0.864060
106	0.714472
107	-0.160649
108	-0.253837
109	-0.647851
110	-1.088467
111	-1.058183
112	-0.465401
113	-0.873022
114	-0.787130
115	-0.790816
116	-0.688953
117	-0.620921
118	-0.375651
119	-0.239654
120	0.082402
121	-0.226168
122	-0.289197
123	-0.219399
124	-0.051868
125	-0.718729
126	-0.463057
127	-0.394554
128	1.697951
129	1.934020
130	2.374411
131	0.754654
132	1.098940
133	-0.139975
134	-0.423895
135	1.282714
136	0.392442
137	0.815392
138	0.817541
139	1.788588
140	1.325415
141	0.966065
142	0.114090
143	-0.513528
144	0.190106
145	-0.008874
146	0.928615
147	1.038564
148	-0.405136
149	-0.537413
150	-0.735906
151	-0.701237
152	-0.805111
153	-0.387740
154	-0.423680
155	-0.097129
156	-0.309826
157	-0.523206
158	-0.606607
159	-0.749165
160	-0.698099
161	-0.407103
162	-0.536685
163	-0.749750
164	-0.545164
165	-1.023922
166	-0.862573
167	-0.726377
168	-0.846299
169	-0.716627
170	-0.049985
171	0.048011
172	0.053136
173	0.211827
174	-0.237366
175	0.389471
176	-0.014798
177	-0.503565
178	-0.220860
179	0.117756
180	-0.552663
181	-0.683002
182	-0.691590
183	-0.399308
184	-0.982607
185	0.798418
186	1.004392
187	-0.085923
188	-0.499958
189	-0.751446
190	-0.558687
191	-0.222578
192	-0.788014
193	-0.664125
194	-0.529612
195	-0.205373
196	-0.198518
197	-0.127449
198	-0.699688
199	-0.588587
200	-0.953564
201	-0.063763
202	-0.087363
203	0.583320
204	-0.010658
205	1.854502
206	1.065348
207	2.864229
208	-0.485371
209	-0.338704
210	-0.876754
211	0.063038
212	-0.473838
213	0.420356
214	0.426866
215	0.424409
216	0.424408
217	0.096987
218	0.301996
219	-0.311383
220	0.768622
221	1.029224
222	0.644367
223	-0.113768
224	-1.024139
225	-0.852563
226	-0.600880
227	-0.913714
228	-0.272443
229	-0.911325
230	-0.419054
231	-0.867353
232	-0.781742
233	-0.339091
234	-0.686730
235	-0.381428
236	-0.876477
237	-0.416592
238	-0.013388
239	-0.195129
240	-0.483792
241	0.809648
242	-0.175917
243	2.454564
244	6.839283
245	3.473537
246	0.977330
247	1.201298
248	1.867253
249	-0.647174
250	0.549244
251	-0.323144
252	0.128927
253	1.642522
254	0.544126
255	1.306375
256	0.219895
257	0.257429
258	-0.057332
259	-0.661945
260	-0.823594
261	-0.518776
262	-0.395455
263	-0.324051
264	-0.410450
265	-0.553972
266	-1.064910
267	-0.643799
268	0.861598
269	-0.893445
270	-0.749190
271	0.644328
272	-0.354897
273	-1.011218
274	-0.615182
275	-0.966477
276	-0.799051
277	-0.206625
278	-0.470219
279	-0.750636
280	-0.532602
281	-0.882833
282	-0.728068
283	-0.186218
284	-1.079080
285	-0.623150
286	-0.816890
287	-0.310798
288	-0.212507
289	-0.567589
290	-0.218882
291	-0.873603
292	-0.581159
293	-0.420591
294	-0.066977
295	2.943257
296	2.152950
297	4.399301
298	2.282536
299	3.592303
300	1.004601
301	0.093727
302	-0.080799
303	1.389643
304	0.426885
305	4.211665
306	0.953816
307	1.792840
308	0.555996
309	-0.244144
310	-0.481810
311	-0.411908
312	-0.402967
313	-0.147154
314	-0.377231
315	-0.616838
316	-0.205359
317	-0.601843
318	-0.714836
319	-0.539999
320	-0.062832
321	-0.419655
322	-0.830925
323	0.176061
324	-0.056075
325	-0.316399
326	-0.323552
327	0.435890
328	-0.420801
329	-0.300141
330	-0.362528
331	-0.725068
332	0.747415
333	-0.385258
334	-0.793618
335	-0.254164
336	-0.406712
337	-0.324800
338	-0.477538
339	-0.418630
340	-0.529835
341	-0.842350
342	-0.676833
343	0.907968
344	-0.072495
345	-0.455633
346	-0.666263
347	-0.784208
348	-0.664658
349	-0.734758
350	-0.644955
351	-0.477341
352	-0.618332
353	-0.921792
354	-0.564214
355	0.521044
356	-0.092177
357	-0.414825
358	-0.339419
359	-0.447822
360	-0.404884
361	-0.062598
362	-0.795997
363	-0.056887
364	-0.747145
365	-0.243694
366	-0.068290
367	1.017870
368	-0.356106
369	-0.694143
370	-0.190828
371	-0.692816
372	-0.554344
373	-0.915148
374	-0.502386
375	-0.840191
376	-0.563341
377	-0.850504
378	-0.401553
379	-0.271738
380	-0.870048
381	0.218374
382	-0.553271
383	-0.613043
384	-0.674046
385	-0.835264
386	-0.389279
387	-0.115440
388	1.061693
389	-0.677753
390	-0.727832
391	-0.115328
392	0.824864
393	0.906592
394	-0.166938
395	-0.471315
396	-0.202439
397	0.207242
398	-0.423838
399	-0.958669
400	-1.202318
401	-0.904498
402	-0.404622
403	0.277298
404	-1.168800
405	-0.650326
406	-1.203679
407	0.446894
408	-0.281750
409	1.303734
410	0.129578
411	-0.618212
412	0.383568
413	-0.013980
414	0.535430
415	-0.839564
416	0.143331
417	0.956189
418	1.737561
419	0.507039
420	-999
421	-999
