1	-999
2	-999
3	-999
4	-999
5	-999
6	-999
7	-0.295097
8	-1.151213
9	-0.737183
10	-0.099556
11	-1.157931
12	-0.056555
13	-0.853057
14	-0.852817
15	-0.588732
16	-0.539492
17	-0.613490
18	-0.841886
19	-0.792024
20	-0.748419
21	-0.323839
22	-0.481835
23	-1.064055
24	-0.182149
25	-0.570386
26	-0.088813
27	1.380685
28	0.703723
29	0.917994
30	1.136569
31	-0.297102
32	-0.309781
33	-0.308834
34	-0.732828
35	-0.431364
36	-0.088236
37	-0.513864
38	-0.442931
39	-0.734420
40	0.860467
41	0.166192
42	0.469159
43	-0.440456
44	-0.302739
45	-0.412941
46	1.242638
47	-0.094642
48	0.619757
49	0.386998
50	-0.192128
51	-0.232135
52	0.021742
53	0.612860
54	1.033681
55	0.549587
56	0.379781
57	-0.383018
58	-0.392770
59	1.038845
60	0.449301
61	0.607375
62	0.516279
63	-0.158774
64	-0.463822
65	-0.500381
66	-0.110719
67	0.509081
68	-0.310675
69	-0.203893
70	-0.564558
71	-0.502496
72	-0.303792
73	0.278467
74	-0.047583
75	1.113080
76	-0.437202
77	-0.762120
78	-0.631723
79	-0.216684
80	-0.307511
81	-0.271832
82	-0.390841
83	2.670699
84	2.494378
85	0.096531
86	0.067405
87	0.144937
88	0.829463
89	0.112153
90	-0.471584
91	0.168608
92	0.129767
93	-0.226345
94	0.578202
95	0.309787
96	0.194145
97	-0.256880
98	-0.346685
99	-0.288933
100	-0.370104
101	0.324440
102	-0.044623
103	-0.400289
104	-0.028929
105	-0.734786
106	-0.489319
107	0.094508
108	-0.045089
109	0.575650
110	-0.030185
111	0.069295
112	-0.026420
113	-0.639058
114	-0.315925
115	-0.563525
116	-0.409990
117	-0.309201
118	0.073634
119	-0.486997
120	-0.697289
121	-0.410956
122	-1.089789
123	-1.160350
124	-0.914436
125	-0.843737
126	-0.992554
127	-0.866234
128	-0.704041
129	-1.128134
130	0.542771
131	-1.103553
132	-0.546809
133	-1.007068
134	-0.724854
135	-0.570706
136	-0.286979
137	-0.398105
138	0.064061
139	-0.191135
140	-0.910849
141	-0.563230
142	-0.481042
143	0.828322
144	0.902728
145	3.408799
146	0.219679
147	0.861203
148	0.002996
149	0.673624
150	0.038237
151	2.152536
152	-0.263186
153	-0.829098
154	-0.926065
155	-0.964018
156	-0.621810
157	-0.766447
158	-0.896242
159	-0.976012
160	1.167284
161	-0.964076
162	-0.425218
163	-0.816758
164	-0.572100
165	-0.780341
166	-0.831674
167	-0.880630
168	-0.584043
169	-0.872598
170	-0.839459
171	-0.888136
172	-0.478747
173	-0.228119
174	0.039185
175	-0.332812
176	-0.306844
177	-0.792507
178	0.136136
179	-0.987698
180	-0.782651
181	-0.178318
182	-0.793714
183	0.410368
184	-0.723197
185	0.173545
186	0.308841
187	-0.585833
188	-0.425931
189	0.387892
190	-0.567687
191	-0.794493
192	-0.740836
193	0.188651
194	-0.675749
195	-0.430937
196	0.123240
197	-0.556587
198	-0.027124
199	1.542559
200	-0.092139
201	0.548152
202	0.108906
203	-0.377408
204	-0.289492
205	-0.418890
206	0.300705
207	1.310460
208	0.563565
209	1.004751
210	0.567192
211	-0.633025
212	-0.680080
213	-0.723989
214	-0.674041
215	-0.123857
216	0.134325
217	0.231901
218	0.033525
219	0.028586
220	0.218540
221	-0.490146
222	0.038990
223	-0.187686
224	0.341390
225	0.552939
226	-0.084950
227	-0.180872
228	-0.332266
229	-0.344145
230	-0.426455
231	-0.042432
232	0.009672
233	-0.081025
234	-0.202175
235	-0.375191
236	0.660852
237	-0.278143
238	0.017194
239	-0.442463
240	-0.497093
241	-0.538766
242	-0.222900
243	-0.125943
244	-0.325324
245	-0.194301
246	-0.695984
247	-0.009767
248	-0.513040
249	-0.639414
250	-0.503918
251	-0.196298
252	0.422742
253	0.319438
254	-0.338375
255	-0.318408
256	-0.249070
257	-0.485244
258	-0.950116
259	-0.664476
260	-0.536673
261	-0.853288
262	-0.316945
263	-0.794997
264	-0.198315
265	-0.919679
266	-0.840626
267	-0.915165
268	-0.315563
269	-0.796824
270	-0.810237
271	-0.372016
272	-0.741379
273	-0.930180
274	-0.348205
275	0.146443
276	-0.751831
277	-0.457449
278	-0.054800
279	-0.201971
280	-0.155738
281	0.269976
282	-0.145198
283	-0.589380
284	0.315325
285	-0.316934
286	0.465023
287	2.115219
288	1.638428
289	0.303273
290	0.320043
291	1.373549
292	0.084557
293	3.354883
294	-0.318955
295	-0.913925
296	-0.997850
297	-0.785001
298	-0.817906
299	-0.510157
300	-0.370992
301	-0.938744
302	-0.644545
303	-0.171344
304	-0.610176
305	-0.732677
306	-0.427718
307	-0.907737
308	-0.841240
309	-0.989298
310	-0.848868
311	-0.808028
312	0.309262
313	0.360207
314	0.281948
315	-0.552019
316	-0.766441
317	-0.515335
318	-0.945604
319	-0.783894
320	-0.510725
321	-0.468641
322	0.127376
323	-0.541936
324	-0.602042
325	-0.630125
326	-0.283934
327	-0.773069
328	-0.989545
329	0.935965
330	1.448507
331	1.055892
332	-0.612832
333	-0.512536
334	0.095257
335	1.997694
336	0.289377
337	-0.142023
338	-0.212421
339	0.442073
340	0.554931
341	-0.286312
342	0.006140
343	0.435709
344	0.687336
345	1.019826
346	1.158594
347	1.119965
348	0.446751
349	0.359432
350	0.037131
351	0.022548
352	-0.050740
353	-0.243257
354	0.624063
355	0.081279
356	-0.157467
357	-0.128486
358	0.054444
359	0.335592
360	0.214895
361	0.571927
362	-0.415887
363	1.357733
364	1.501671
365	1.421705
366	1.425678
367	1.511582
368	0.152062
369	0.051579
370	0.008626
371	1.640959
372	2.595599
373	3.592384
374	3.779362
375	3.477997
376	0.228134
377	1.770235
378	2.236251
379	1.626815
380	1.125039
381	1.191639
382	5.200352
383	2.683711
384	1.344066
385	0.322846
386	0.078324
387	2.313373
388	2.505503
389	0.511445
390	-0.264781
391	0.062206
392	0.560919
393	0.442725
394	-0.696649
395	0.140961
396	-0.368523
397	-0.591100
398	-0.417347
399	-0.541098
400	-0.540732
401	-0.719861
402	-0.722824
403	-0.743045
404	-0.367264
405	-0.996722
406	-0.949675
407	-0.974151
408	-0.666295
409	-0.692918
410	-0.469846
411	-0.780241
412	-0.929446
413	-0.820725
414	-0.708538
415	-0.716769
416	-0.283829
417	-0.613501
418	-0.513346
419	-0.430210
420	-0.668120
421	-0.781960
422	-0.820899
423	0.407721
424	0.244043
425	-0.052389
426	-0.345721
427	-0.530156
428	0.548753
429	-0.273807
430	-0.486436
431	0.776409
432	1.761152
433	0.568865
434	-0.439013
435	0.001869
436	0.374948
437	-0.196642
438	0.698264
439	0.445904
440	0.502649
441	-0.456181
442	0.135432
443	-0.103194
444	-0.258418
445	-0.078743
446	0.365378
447	-0.237359
448	0.381096
449	0.500745
450	1.572204
451	-0.852859
452	-0.906282
453	-0.835786
454	-0.534121
455	-0.612043
456	-0.940404
457	-0.686253
458	-1.001897
459	-0.649452
460	-1.034050
461	-0.817793
462	-0.944981
463	-0.489970
464	-0.591488
465	-0.832611
466	-0.656905
467	-0.369626
468	-0.540615
469	-0.904421
470	-0.714080
471	-0.731006
472	0.131624
473	0.617493
474	0.435326
475	-0.276067
476	0.401093
477	1.527717
478	0.709073
479	0.164076
480	0.739123
481	0.776685
482	0.579017
483	0.522732
484	0.015494
485	3.150117
486	-0.482860
487	0.798041
488	0.569807
489	2.947195
490	0.467233
491	1.292716
492	4.331195
493	1.902078
494	0.010440
495	3.338497
496	1.730693
497	0.451617
498	2.171135
499	2.184524
500	0.961410
501	1.778322
502	2.085744
503	1.375715
504	2.314160
505	2.708784
506	3.455235
507	2.994494
508	2.295623
509	4.597508
510	0.377084
511	0.603519
512	0.727722
513	0.592599
514	2.826375
515	2.126470
516	1.472473
517	1.450488
518	1.578564
519	2.401632
520	2.354086
521	0.639777
522	1.877374
523	0.140453
524	0.047776
525	0.621563
526	1.174893
527	0.782635
528	-0.629319
529	0.054061
530	0.159317
531	0.827421
532	0.095328
533	-0.036686
534	-0.169934
535	-0.102668
536	-0.313700
537	0.733220
538	1.761322
539	-0.343870
540	-0.339565
541	-0.684135
542	-0.660684
543	-0.542641
544	-0.091663
545	0.102276
546	0.797294
547	0.991682
548	-0.440371
549	0.534250
550	-0.553377
551	1.717827
552	-0.667713
553	-0.737802
554	0.183287
555	0.292985
556	-0.600711
557	-0.610355
558	-0.121407
559	-0.857357
560	-0.859368
561	1.133486
562	0.299717
563	-0.605827
564	-0.178431
565	-0.651620
566	-0.343938
567	-0.076643
568	-0.663079
569	-0.206759
570	-0.388777
571	-0.384201
572	-0.288855
573	-0.423086
574	-0.352654
575	-0.437242
576	-0.674642
577	-0.841693
578	-0.805572
579	-1.112607
580	-0.957464
581	-1.010759
582	-0.770944
583	-1.073233
584	-0.408703
585	-1.281423
586	-0.837800
587	-0.907688
588	-0.756913
589	-0.570767
590	-0.244054
591	-0.685192
592	-0.382083
593	-0.133435
594	0.793053
595	0.890054
596	1.784341
597	3.309595
598	2.936201
599	1.356263
600	2.544584
601	1.420094
602	4.386557
603	3.098361
604	5.579294
605	2.278421
606	-0.431648
607	-0.878049
608	-0.978247
609	-0.790553
610	-0.269642
611	-0.115948
612	-0.990495
613	-0.936455
614	-0.771128
615	-0.969747
616	-0.398828
617	-1.161254
618	-0.817305
619	-0.847304
620	-0.998115
621	-1.109858
622	-1.008517
623	-0.216558
624	-0.296205
625	-0.672120
626	-0.121922
627	-0.270584
628	-0.136945
629	-0.512960
630	-0.835202
631	-0.920404
632	-0.219773
633	-0.695058
634	-0.670441
635	-0.635475
636	-0.453766
637	-0.816037
638	-0.675812
639	-0.659458
640	-0.866173
641	0.129693
642	-0.218474
643	0.971455
644	1.201530
645	0.212315
646	0.218685
647	-0.344856
648	1.262775
649	-0.430399
650	-0.356196
651	-0.311111
652	-0.694514
653	-0.301848
654	-0.158794
655	0.232744
656	0.957489
657	0.420276
658	-0.709722
659	0.411460
660	0.031558
661	-0.317029
662	-0.042061
663	0.075024
664	-0.434937
665	1.310150
666	0.388558
667	-0.269253
668	-0.631196
669	0.898500
670	0.066425
671	0.167095
672	-0.435454
673	-0.207560
674	-0.602042
675	-0.765978
676	-0.702577
677	0.661174
678	0.671877
679	0.773154
680	0.341779
681	-0.611723
682	1.014360
683	2.711935
684	0.775232
685	-0.108276
686	-0.157282
687	-0.365060
688	0.104685
689	0.421627
690	0.952953
691	1.416151
692	0.058869
693	-0.875786
694	-0.394163
695	-0.224239
696	1.604060
697	1.928733
698	-0.109052
699	-0.294971
700	-0.817721
701	-0.047669
702	-1.016118
703	-0.192523
704	-0.280359
705	0.324340
706	-0.442357
707	0.261392
708	-1.098318
709	-1.132673
710	-1.016238
711	-0.811680
712	-1.076532
713	-0.382020
714	-0.861780
715	-0.683544
716	-0.758083
717	-1.095296
718	-0.812020
719	-0.883922
720	-1.218537
721	-0.843906
722	-0.979064
723	1.280303
724	1.796456
725	-0.560093
726	-0.989225
727	-0.457095
728	-0.467694
729	-0.579451
730	-0.335887
731	-0.654945
732	-0.006636
733	-0.644599
734	-0.163313
735	1.084936
736	3.209881
737	-0.231288
738	1.895955
739	-0.520390
740	0.015855
741	-0.309517
742	-0.497475
743	-0.477403
744	-0.454444
745	0.294337
746	-0.742335
747	-0.481522
748	-0.293579
749	-0.723254
750	-0.423010
751	-0.702459
752	-0.324117
753	2.448957
754	-0.314529
755	-0.730221
756	0.372335
757	-0.864013
758	-0.867310
759	-0.904943
760	-0.544751
761	-0.680290
762	-0.742812
763	-0.759587
764	-0.976110
765	-0.664991
766	-0.852065
767	-1.010196
768	-0.954418
769	-0.604655
770	-1.014182
771	-0.955954
772	-0.714181
773	-0.893780
774	-0.779014
775	-0.750709
776	0.502442
777	0.125391
778	-0.528336
779	-0.523692
780	0.074299
781	0.217210
782	-0.550878
783	-0.441346
784	-0.304953
785	-0.212215
786	-0.316135
787	-0.047916
788	0.181349
789	-0.491631
790	0.317075
791	-0.888059
792	-0.302939
793	0.162118
794	0.223742
795	-0.215568
796	2.167670
797	-0.139403
798	-0.084174
799	0.017194
800	-0.726708
801	-0.777318
802	1.166774
803	1.165687
804	2.037964
805	4.178089
806	1.934096
807	0.809272
808	0.841274
809	0.516937
810	0.039017
811	0.989711
812	1.485231
813	-0.045058
814	-0.222044
815	0.030638
816	-0.906588
817	-0.660272
818	-0.761871
819	-0.825000
820	-0.397768
821	-0.851985
822	-0.874196
823	-0.636656
824	0.129903
825	-0.526448
826	-0.412305
827	-0.652748
828	-0.738341
829	-1.063217
830	-0.935576
831	-0.757870
832	-0.588080
833	-0.967274
834	-0.974500
835	-0.578592
836	-0.258402
837	-0.210385
838	-0.842152
839	-0.359853
840	-0.917794
841	-0.536415
842	-0.833924
843	-1.053279
844	-0.868930
845	-0.835975
846	-0.545542
847	2.697754
848	1.270876
849	3.390483
850	2.341582
851	0.401735
852	0.763327
853	-0.019678
854	1.720590
855	1.707639
856	0.017490
857	1.289732
858	0.045545
859	0.087348
860	-0.893573
861	-0.854750
862	-1.024925
863	-0.474849
864	-0.694483
865	-0.149464
866	-1.033450
867	-0.960202
868	-0.766473
869	-0.676051
870	-0.759431
871	-0.887248
872	-1.130667
873	-0.841055
874	-0.963829
875	-0.921079
876	-0.858095
877	-0.792598
878	-0.891162
879	-0.078882
880	-0.710153
881	0.052987
882	0.676383
883	-0.846991
884	-0.286863
885	-0.190793
886	-0.904158
887	-0.920680
888	-1.023129
889	-0.742165
890	-0.799195
891	-0.907350
892	0.225953
893	-0.873830
894	-1.014575
895	-0.828155
896	-0.468684
897	0.242997
898	-0.829960
899	-0.085987
900	-0.748119
901	-0.402952
902	-0.721101
903	-0.550146
904	-0.689168
905	-0.458361
906	-0.567174
907	-0.816239
908	-0.825932
909	-0.823937
910	0.137102
911	-0.159236
912	-0.162194
913	0.759239
914	0.528671
915	-1.106956
916	-0.247264
917	0.116593
918	0.047992
919	0.133010
920	1.541478
921	2.855848
922	2.735461
923	-0.082144
924	-0.028990
925	1.282282
926	1.144275
927	5.528376
928	1.034688
929	1.451139
930	0.461199
931	-0.568514
932	-0.611931
933	-0.851452
934	-0.356634
935	-0.408349
936	0.628020
937	0.481535
938	-0.242166
939	-0.606930
940	-0.588098
941	-0.660486
942	-0.999044
943	-0.451766
944	-0.548343
945	-0.111051
946	0.766054
947	-0.497970
948	-0.675876
949	0.653966
950	-999
951	-999
