1	-999
2	-999
3	-999
4	-999
5	-999
6	-999
7	-0.296789
8	-1.244738
9	-0.731907
10	-0.570214
11	-0.944932
12	-0.028022
13	-0.824570
14	-0.706669
15	-0.595047
16	-0.501329
17	-0.592180
18	-0.745041
19	-0.811633
20	-0.871718
21	-0.317004
22	-0.488508
23	-1.077260
24	-0.193508
25	-0.575594
26	-0.146709
27	1.198618
28	0.809290
29	1.337388
30	1.154176
31	-0.305566
32	-0.379346
33	-0.323702
34	-0.727620
35	-0.346078
36	-0.176327
37	-0.461462
38	-0.372204
39	-0.741708
40	0.910328
41	0.169730
42	0.547879
43	-0.439856
44	-0.316364
45	-0.370095
46	1.317880
47	-0.398150
48	0.532644
49	0.368689
50	-0.183722
51	-0.240862
52	-0.003636
53	0.568033
54	0.881542
55	0.563256
56	0.103027
57	-0.485426
58	-0.421330
59	1.049754
60	0.263437
61	0.692955
62	0.518527
63	-0.151565
64	-0.511667
65	-0.509525
66	-0.034264
67	0.578815
68	-0.375054
69	-0.222824
70	-0.504533
71	-0.647761
72	-0.268418
73	0.283212
74	0.034463
75	1.084133
76	-0.481598
77	-0.771322
78	-0.628109
79	-0.401778
80	-0.406158
81	-0.312628
82	-0.313262
83	2.782645
84	2.395303
85	0.098286
86	0.064904
87	0.141061
88	1.027412
89	0.056643
90	-0.363135
91	0.178386
92	0.149452
93	-0.219688
94	0.557870
95	0.270793
96	0.175502
97	-0.286780
98	-0.084227
99	-0.363800
100	-0.172524
101	0.055764
102	-0.064083
103	-0.418055
104	-0.296019
105	-0.715852
106	-0.497435
107	0.395985
108	-0.041915
109	0.457895
110	-0.018476
111	0.083473
112	-0.153458
113	-0.401024
114	-0.300238
115	-0.539891
116	-0.346119
117	-0.289550
118	0.086973
119	-0.527105
120	-0.696787
121	-0.390013
122	-1.103775
123	-1.359978
124	-0.815549
125	-0.816297
126	-0.971041
127	-0.854866
128	-0.622464
129	-1.060245
130	0.519379
131	-1.136856
132	-0.572745
133	-0.921228
134	-0.583099
135	-0.580099
136	-0.272540
137	-0.237988
138	0.004428
139	-0.278795
140	-0.898832
141	-0.568683
142	-0.467659
143	0.680905
144	0.890134
145	2.553342
146	0.269347
147	1.257782
148	0.055630
149	0.766271
150	0.031291
151	2.155061
152	-0.210936
153	-0.814700
154	-0.917812
155	-0.951377
156	-0.606990
157	-0.786995
158	-0.828386
159	-0.955700
160	1.173333
161	-0.932659
162	-0.537281
163	-0.795224
164	-0.670358
165	-0.763159
166	-0.780140
167	-0.895488
168	-0.584933
169	-0.865187
170	-0.821514
171	-0.884142
172	-0.448246
173	-0.091549
174	0.116291
175	-0.297140
176	-0.456835
177	-0.782683
178	-0.028837
179	-0.902020
180	-0.704066
181	-0.170935
182	-0.704066
183	0.513600
184	-0.710842
185	0.131705
186	0.271011
187	-0.502295
188	-0.363035
189	0.338374
190	-0.675420
191	-0.693016
192	-0.710051
193	0.314003
194	-0.631145
195	-0.481551
196	0.184181
197	-0.554157
198	0.232515
199	1.465659
200	-0.151509
201	0.584157
202	0.108152
203	-0.396129
204	-0.298981
205	-0.332546
206	0.405211
207	1.267514
208	0.570603
209	0.863452
210	0.602911
211	-0.607363
212	-0.653532
213	-0.707983
214	-0.691684
215	-0.000286
216	0.249174
217	0.438794
218	0.019388
219	0.108685
220	0.216182
221	-0.492370
222	0.117989
223	-0.348198
224	0.365947
225	0.534276
226	-0.108357
227	-0.158944
228	-0.392040
229	-0.382830
230	-0.368086
231	-0.279639
232	-0.015101
233	-0.163391
234	-0.099948
235	-0.218699
236	0.611288
237	-0.301799
238	0.340786
239	-0.496521
240	-0.466735
241	-0.558320
242	-0.299143
243	-0.148355
244	-0.352448
245	-0.189982
246	-0.785503
247	0.060185
248	-0.442569
249	-0.530958
250	-0.455387
251	-0.137665
252	0.420729
253	0.311703
254	-0.179955
255	-0.370367
256	-0.092412
257	-0.527436
258	-0.897117
259	-0.678665
260	-0.560136
261	-0.838929
262	-0.384532
263	-0.799737
264	-0.259682
265	-0.904274
266	-0.815647
267	-0.838545
268	-0.444237
269	-0.823124
270	-0.785609
271	-0.383324
272	-0.840867
273	-0.914652
274	-0.389491
275	0.507962
276	-0.720999
277	-0.430877
278	-0.089119
279	0.029068
280	0.141631
281	0.208623
282	-0.123856
283	-0.622791
284	0.068935
285	-0.427270
286	0.332643
287	2.079176
288	1.028941
289	0.252018
290	0.254966
291	1.195857
292	0.117891
293	3.544955
294	-0.262059
295	-0.905863
296	-0.984845
297	-0.692158
298	-0.869248
299	-0.370061
300	-0.303031
301	-0.922842
302	-0.626050
303	-0.214886
304	-0.578016
305	-0.731093
306	-0.489962
307	-0.965139
308	-0.837955
309	-0.858448
310	-0.838222
311	-0.801635
312	0.283583
313	0.366258
314	0.274788
315	-0.527924
316	-0.731758
317	-0.557025
318	-0.937042
319	-0.766954
320	-0.549525
321	0.013448
322	0.144419
323	-0.510898
324	-0.851870
325	-0.710149
326	-0.336496
327	-0.763586
328	-1.009305
329	1.017131
330	1.767784
331	0.464255
332	-0.548063
333	-0.460133
334	0.054664
335	1.967069
336	0.347828
337	-0.149744
338	-0.182690
339	0.457583
340	0.572850
341	-0.277233
342	-0.051228
343	0.651510
344	0.601124
345	0.931512
346	1.221959
347	1.095969
348	0.632961
349	0.682493
350	0.073683
351	0.037754
352	-0.063785
353	-0.296329
354	0.638507
355	0.091901
356	-0.219325
357	-0.282187
358	-0.066095
359	0.343818
360	0.084993
361	0.556569
362	-0.469827
363	1.318773
364	1.619635
365	1.443881
366	2.323576
367	1.499497
368	0.038902
369	-0.183642
370	-0.026716
371	1.512301
372	2.619438
373	3.598121
374	3.747134
375	3.266637
376	0.324629
377	1.709614
378	2.198274
379	1.609583
380	1.108964
381	1.207892
382	4.936127
383	2.926038
384	1.316538
385	0.293124
386	0.634755
387	2.211188
388	2.383499
389	0.540670
390	-0.296026
391	0.028971
392	0.516521
393	0.429404
394	-0.762841
395	0.155025
396	-0.394575
397	-0.529823
398	-0.478613
399	-0.535290
400	-0.411716
401	-0.678557
402	-0.843800
403	-0.596308
404	-0.543588
405	-0.979984
406	-0.864445
407	-0.990560
408	-0.669447
409	-0.626830
410	-0.450513
411	-0.854847
412	-0.939311
413	-0.889787
414	-0.806381
415	-0.729950
416	-0.203746
417	-0.632128
418	-0.504195
419	-0.234240
420	-0.631257
421	-0.812117
422	-0.788949
423	0.275458
424	0.233853
425	-0.433459
426	-0.510206
427	-0.417317
428	0.398469
429	-0.388694
430	-0.518315
431	0.721077
432	2.130819
433	0.506414
434	-0.402117
435	0.085951
436	0.189368
437	-0.214358
438	0.639687
439	0.410622
440	0.802712
441	-0.364749
442	0.145268
443	-0.085881
444	-0.260688
445	-0.008897
446	0.327801
447	-0.200498
448	0.326591
449	0.497670
450	1.330674
451	-0.780828
452	-0.996005
453	-0.839819
454	-0.528438
455	-0.608740
456	-0.841671
457	-0.659988
458	-0.996065
459	-0.605790
460	-0.925407
461	-0.822226
462	-1.059819
463	-0.521425
464	-0.602956
465	-0.800503
466	-0.710732
467	-0.341106
468	-0.549804
469	-0.562629
470	-0.622229
471	-0.725827
472	0.041682
473	0.571982
474	0.418510
475	-0.109344
476	0.417350
477	1.671194
478	0.760226
479	0.324868
480	0.717508
481	0.754459
482	0.556233
483	0.626199
484	-0.002386
485	3.131939
486	-0.481593
487	0.988843
488	0.569343
489	2.901846
490	0.511591
491	1.613224
492	4.220477
493	1.913251
494	0.055009
495	3.459945
496	1.707954
497	0.412812
498	1.973547
499	2.136448
500	0.991584
501	1.686890
502	2.031934
503	1.619074
504	2.185022
505	2.485814
506	3.382688
507	3.162037
508	2.172557
509	5.116107
510	0.331836
511	0.562125
512	0.474943
513	0.595061
514	2.790122
515	2.050504
516	1.461668
517	1.428510
518	1.455793
519	2.331547
520	2.545788
521	0.597999
522	2.376854
523	0.087393
524	0.526089
525	0.758075
526	0.941000
527	0.734753
528	-0.629366
529	0.094038
530	0.128515
531	0.800541
532	0.072823
533	-0.042451
534	-0.453060
535	-0.114660
536	-0.325994
537	0.820476
538	1.707375
539	-0.381568
540	-0.376752
541	-0.877278
542	-0.663842
543	-0.540431
544	-0.129087
545	0.072442
546	0.716737
547	0.950938
548	-0.323702
549	0.654393
550	-0.476287
551	1.516073
552	-0.677995
553	-0.580712
554	0.174055
555	0.530773
556	-0.626788
557	-0.618047
558	-0.140946
559	-0.920925
560	-0.855800
561	0.900439
562	0.266849
563	-0.602621
564	-0.120460
565	-0.662180
566	-0.100906
567	-0.147189
568	-0.677322
569	-0.083311
570	-0.396247
571	-0.664963
572	-0.305114
573	-0.448035
574	-0.389568
575	-0.480352
576	-0.692058
577	-0.823818
578	-0.784636
579	-1.116010
580	-0.872714
581	-1.026405
582	-0.775977
583	-1.059057
584	-0.237178
585	-1.159208
586	-0.889027
587	-0.979105
588	-0.693556
589	-0.615002
590	-0.588813
591	-0.698750
592	-0.498795
593	-0.184866
594	0.763387
595	0.724597
596	2.088227
597	3.529988
598	2.935275
599	1.146823
600	2.470541
601	1.358812
602	4.311073
603	3.050832
604	5.405732
605	2.105362
606	-0.481677
607	-0.971636
608	-0.922349
609	-0.802472
610	-0.300604
611	-0.083990
612	-0.999323
613	-0.928038
614	-0.808672
615	-0.866942
616	-0.312049
617	-1.145692
618	-0.778172
619	-0.851211
620	-1.216548
621	-1.142383
622	-1.002587
623	-0.125255
624	-0.287028
625	-0.635357
626	-0.119120
627	-0.305415
628	-0.152205
629	-0.529731
630	-0.835672
631	-0.886892
632	-0.222652
633	-0.726528
634	-0.655356
635	-0.247706
636	-0.470986
637	-0.798693
638	-0.693278
639	-0.673925
640	-0.598559
641	0.121306
642	-0.243023
643	1.037394
644	1.180079
645	0.194805
646	0.122743
647	-0.353390
648	1.236528
649	-0.462685
650	-0.407679
651	-0.293503
652	-0.751457
653	-0.497255
654	-0.155351
655	0.354350
656	0.892573
657	0.425642
658	-0.770308
659	0.425445
660	0.010099
661	-0.066527
662	0.014577
663	0.101257
664	-0.456701
665	1.771333
666	0.488451
667	-0.223698
668	-0.591442
669	0.832167
670	0.077107
671	0.302116
672	-0.460264
673	-0.250668
674	-0.602510
675	-0.702319
676	-0.708772
677	0.844564
678	0.778860
679	0.728926
680	0.322746
681	-0.615726
682	0.840039
683	3.074670
684	0.833579
685	-0.017805
686	-0.279141
687	-0.365649
688	-0.005085
689	0.397476
690	0.873370
691	1.333164
692	-0.004354
693	-0.904564
694	-0.506560
695	0.203055
696	1.576108
697	1.924807
698	-0.030273
699	-0.300286
700	-0.818454
701	-0.078688
702	-0.995583
703	-0.916109
704	-0.456214
705	0.129167
706	-0.460025
707	0.181803
708	-1.109655
709	-1.084833
710	-1.031900
711	-0.946098
712	-1.076726
713	-0.411246
714	-0.814724
715	-0.877697
716	-0.814392
717	-1.069966
718	-0.798262
719	-0.847380
720	-1.107957
721	-0.825969
722	-0.977275
723	1.275540
724	1.739761
725	-0.576006
726	-0.979975
727	-0.536752
728	-0.547829
729	-0.547370
730	-0.253685
731	-0.672609
732	0.070278
733	-0.622760
734	-0.185125
735	1.480973
736	3.037374
737	-0.404330
738	2.326595
739	-0.500445
740	-0.005276
741	-0.383184
742	-0.452695
743	-0.362959
744	-0.460883
745	0.192983
746	-0.722537
747	-0.505556
748	-0.110404
749	-0.725460
750	-0.706316
751	-0.712442
752	-0.303266
753	2.349296
754	-0.414523
755	-0.549773
756	0.345599
757	-0.863951
758	-0.849091
759	-0.918777
760	-0.495600
761	-0.675911
762	-0.726623
763	-0.812108
764	-0.974302
765	-0.718637
766	-0.859512
767	-1.004255
768	-0.945717
769	-0.612277
770	-1.044215
771	-0.990477
772	-0.741708
773	-0.947295
774	-0.820010
775	-0.716380
776	0.679292
777	0.218287
778	-0.328058
779	-0.688239
780	0.001236
781	0.120686
782	-0.534087
783	-0.444370
784	-0.291713
785	-0.196867
786	-0.342862
787	0.029813
788	0.034710
789	-0.548063
790	0.356676
791	-0.999742
792	-0.257310
793	0.225517
794	0.184651
795	-0.174987
796	2.157360
797	-0.139925
798	-0.375477
799	0.072266
800	-0.736200
801	-0.858726
802	0.973132
803	0.932198
804	1.806686
805	4.162293
806	2.079518
807	0.849856
808	0.806181
809	0.156288
810	0.016842
811	1.101119
812	1.293103
813	-0.080658
814	-0.213802
815	-0.057341
816	-0.902304
817	-0.722499
818	-0.686286
819	-0.796245
820	-0.342568
821	-0.833663
822	-0.863081
823	-0.670010
824	0.047479
825	-0.638556
826	-0.597780
827	-0.768298
828	-0.718380
829	-1.078421
830	-0.978528
831	-0.874389
832	-0.581451
833	-0.921280
834	-0.947203
835	-0.690382
836	-0.253343
837	-0.220872
838	-0.882926
839	-0.386242
840	-0.917046
841	-0.670625
842	-0.875167
843	-1.017247
844	-0.861577
845	-0.847670
846	-0.550672
847	2.933344
848	1.201019
849	3.633990
850	2.264681
851	0.291983
852	0.733745
853	0.059921
854	1.832933
855	1.670641
856	0.003352
857	1.240624
858	0.075645
859	-0.119925
860	-0.844882
861	-0.869993
862	-1.026307
863	-0.492442
864	-0.559182
865	-0.115382
866	-0.970926
867	-0.958877
868	-0.637490
869	-0.668007
870	-0.802840
871	-0.917738
872	-1.065087
873	-0.864821
874	-0.462266
875	-0.916646
876	-0.828386
877	-0.884160
878	-1.072815
879	-0.049696
880	-0.690301
881	0.008279
882	0.628618
883	-0.791202
884	-0.318696
885	-0.182732
886	-1.021772
887	-0.942883
888	-1.005790
889	-0.717999
890	-0.811869
891	-0.982603
892	0.238789
893	-0.870176
894	-1.012497
895	-0.821445
896	-0.770091
897	0.282477
898	-0.854059
899	-0.098661
900	-0.523075
901	-0.480330
902	-0.751660
903	-0.428921
904	-0.724377
905	-0.477124
906	-0.541237
907	-0.543619
908	-0.854381
909	-0.836988
910	0.012599
911	-0.222169
912	-0.198115
913	0.635570
914	0.477374
915	-0.901941
916	0.097691
917	0.198475
918	0.045061
919	0.325813
920	1.497922
921	2.813603
922	2.520166
923	-0.096283
924	-0.049421
925	1.198146
926	1.095647
927	5.509250
928	1.208825
929	1.066699
930	0.405180
931	-0.512312
932	-0.641196
933	-0.688842
934	-0.301618
935	-0.466108
936	0.635471
937	0.548937
938	-0.355285
939	-0.651689
940	-0.591299
941	-0.743806
942	-1.002578
943	-0.371503
944	-0.289372
945	-0.175521
946	0.832666
947	-0.504660
948	-0.680085
949	0.693121
950	-999
951	-999
