1	-999
2	-999
3	-999
4	-999
5	-999
6	-999
7	-999
8	-999
9	-999
10	-999
11	0.335927
12	-0.033463
13	0.519690
14	0.616629
15	-0.170753
16	0.964183
17	0.593537
18	-0.136371
19	-0.374319
20	-0.694078
21	0.363499
22	-0.603805
23	-0.790561
24	-0.759000
25	0.719916
26	0.704510
27	1.019655
28	-0.670274
29	-0.646351
30	-0.098374
31	-0.242855
32	0.509653
33	0.418715
34	0.014236
35	-0.108388
36	-0.169307
37	-0.469045
38	0.164007
39	-0.152427
40	0.144017
41	-0.381302
42	0.308272
43	0.101573
44	-1.037240
45	0.606431
46	1.728743
47	0.540371
48	0.434876
49	-0.737739
50	0.334732
51	0.584884
52	0.251928
53	0.484073
54	0.650592
55	-0.099515
56	-0.262313
57	1.025278
58	-0.160886
59	-0.154565
60	0.356435
61	0.638339
62	0.299314
63	-0.270704
64	-0.610818
65	0.421423
66	-0.356525
67	0.568640
68	-0.363252
69	-0.257006
70	0.792721
71	0.116330
72	0.072484
73	-0.013347
74	-0.227725
75	0.395901
76	0.526053
77	0.660306
78	-0.349101
79	-0.132444
80	-0.626031
81	-0.295291
82	-0.004156
83	0.364976
84	0.642135
85	1.044808
86	-0.176493
87	0.862118
88	0.260116
89	-0.045676
90	0.394696
91	-0.715072
92	0.061456
93	-0.040121
94	1.134693
95	-0.205550
96	0.025664
97	-0.354637
98	-0.135410
99	0.348050
100	0.379429
101	-0.128311
102	5.531093
103	0.606989
104	0.171367
105	-0.461865
106	0.599736
107	0.576768
108	-0.147127
109	-0.257846
110	0.467655
111	1.803085
112	0.146900
113	0.058376
114	-0.837397
115	0.682592
116	0.544084
117	1.492797
118	0.145670
119	-0.369258
120	-1.005344
121	-0.180921
122	0.051834
123	-0.295757
124	-0.504185
125	-0.498910
126	-0.110608
127	-0.033236
128	-0.150686
129	0.431413
130	-0.269979
131	-0.040617
132	2.010538
133	-0.877498
134	-0.784441
135	0.130151
136	-0.623098
137	-0.290828
138	-0.192414
139	-0.606318
140	-0.358241
141	0.383822
142	1.339878
143	-0.302586
144	-0.700475
145	-0.320241
146	-0.770525
147	-0.291027
148	-0.512192
149	0.038257
150	-0.207355
151	-0.209340
152	-0.237661
153	-0.609480
154	-0.748073
155	-0.696230
156	0.809819
157	-0.252515
158	-0.123654
159	-0.256553
160	1.056577
161	0.307698
162	-0.661658
163	-0.747981
164	-0.270104
165	-0.361951
166	-0.721654
167	0.503580
168	1.163789
169	-0.391981
170	0.008842
171	-0.286253
172	0.522836
173	0.644287
174	-0.556702
175	0.283468
176	-0.020224
177	0.676247
178	1.449186
179	0.210516
180	0.072714
181	0.553473
182	-0.003575
183	-0.673913
184	-0.475332
185	-0.204239
186	-0.522966
187	-0.200280
188	-0.003027
189	-0.262671
190	-0.146134
191	-0.466865
192	-0.315148
193	0.708774
194	2.229874
195	0.061984
196	0.070653
197	0.095354
198	-0.295608
199	-0.238796
200	-0.106197
201	0.739590
202	-0.803055
203	-0.237834
204	-0.111933
205	-0.582286
206	-0.050977
207	-0.645816
208	-0.634931
209	-0.764077
210	-0.788687
211	-0.324296
212	-1.016264
213	-0.409573
214	-0.559813
215	-0.285811
216	0.026568
217	0.447323
218	0.920824
219	1.799737
220	0.035808
221	-0.448254
222	2.406629
223	-0.805898
224	-0.824330
225	-1.085344
226	-0.622416
227	-0.959816
228	-1.096067
229	-0.741095
230	-0.800867
231	-0.841408
232	-0.483512
233	-0.565125
234	-0.105821
235	-0.283831
236	0.681662
237	-0.006037
238	-0.577523
239	-0.305600
240	-0.468526
241	-0.530684
242	-0.033228
243	-0.297194
244	0.514614
245	0.548166
246	1.946940
247	-0.145009
248	0.987132
249	-0.025687
250	1.244800
251	0.891240
252	-0.369169
253	0.435686
254	1.025643
255	2.396647
256	1.042180
257	3.097503
258	2.034703
259	1.492767
260	2.591707
261	3.147933
262	-0.490888
263	-0.261721
264	1.026713
265	-0.703999
266	1.382312
267	-0.783521
268	0.164307
269	-0.116685
270	0.397171
271	-0.410634
272	-0.619893
273	-0.549358
274	0.243883
275	-0.896600
276	-0.873748
277	-1.004098
278	-0.710913
279	-0.796226
280	-0.291188
281	-0.824757
282	-0.506983
283	-0.517816
284	0.448967
285	-0.283361
286	0.787183
287	-0.380883
288	-0.700168
289	-0.284055
290	-0.285373
291	-0.033598
292	-0.361619
293	-1.045926
294	-0.428905
295	-0.058835
296	-0.228195
297	0.121764
298	-0.587709
299	-0.275177
300	0.674250
301	0.142375
302	-0.021072
303	-0.252305
304	-0.192498
305	-0.459480
306	-0.454166
307	-0.492985
308	-0.418906
309	0.280265
310	-0.150210
311	-0.223060
312	-0.777586
313	0.620445
314	0.250683
315	-0.334126
316	-0.393981
317	-0.339500
318	0.318783
319	-0.145401
320	-0.321139
321	-0.107867
322	-0.294321
323	-0.449069
324	-0.803869
325	-0.438340
326	-0.230203
327	-0.860251
328	0.953201
329	1.404564
330	-0.113131
331	-0.540373
332	-1.155906
333	-0.353629
334	1.398684
335	0.248397
336	0.303560
337	0.799185
338	-0.176495
339	-0.006673
340	-0.344489
341	3.034394
342	1.761987
343	0.297513
344	-0.125168
345	-0.074997
346	0.551804
347	-0.164549
348	-0.835857
349	-0.606848
350	-0.468903
351	0.725459
352	3.059704
353	-0.777239
354	-0.766680
355	-0.736206
356	-0.936603
357	-0.732285
358	-0.374378
359	0.621086
360	-0.208561
361	-0.464899
362	-0.337446
363	0.438073
364	-1.282116
365	0.149715
366	-0.061359
367	-0.496473
368	-0.307480
369	-0.736948
370	0.201539
371	1.582194
372	1.189312
373	0.661052
374	0.130832
375	0.417370
376	-0.582929
377	-0.458770
378	-0.699153
379	-0.426704
380	0.362204
381	0.819190
382	-0.340070
383	0.590483
384	-0.572001
385	-0.212049
386	0.612708
387	-0.434485
388	-0.068183
389	-0.470807
390	0.860084
391	0.105634
392	-1.101152
393	-0.120788
394	-0.321779
395	0.284578
396	0.958563
397	0.771858
398	-0.374138
399	-1.177368
400	-0.220963
401	-0.687087
402	0.147719
403	0.663762
404	0.341729
405	-0.472359
406	-0.517880
407	-0.500827
408	-0.249381
409	-0.996043
410	0.691592
411	0.286726
412	-0.318311
413	-0.504340
414	-0.300425
415	2.536293
416	-0.369830
417	0.781202
418	4.727330
419	1.150544
420	-0.801292
421	-0.267378
422	-1.074358
423	-0.317317
424	0.079070
425	0.054537
426	-0.228669
427	0.270245
428	0.928020
429	0.980750
430	0.253807
431	0.348428
432	-0.168927
433	0.412984
434	0.468986
435	-0.530854
436	0.170359
437	-0.236352
438	-0.587129
439	-0.287905
440	0.072895
441	-0.453255
442	-0.417962
443	-0.100407
444	0.008416
445	0.747453
446	-0.277889
447	-0.223330
448	-0.544109
449	0.453461
450	0.042901
451	-0.711607
452	-0.735335
453	-0.416227
454	-0.763974
455	0.201068
456	-0.532002
457	-0.728205
458	0.402143
459	1.391025
460	0.346199
461	-0.135355
462	-0.088594
463	-1.431894
464	-1.262248
465	-0.846643
466	-1.263833
467	-0.155835
468	-1.057358
469	-0.366466
470	-0.100094
471	-0.308552
472	-0.918508
473	-0.265571
474	0.132197
475	0.405969
476	4.051674
477	-0.502658
478	-0.826026
479	-0.788762
480	-0.490517
481	0.659991
482	0.240892
483	-0.551637
484	-0.583224
485	-0.815246
486	0.118707
487	-0.454314
488	-0.531858
489	-0.154937
490	0.068194
491	-0.152039
492	-0.378478
493	-0.795708
494	-0.317369
495	0.084778
496	-0.350480
497	-0.328513
498	-0.626854
499	-0.566755
500	-0.549766
501	-0.234777
502	-0.474491
503	-0.606690
504	-0.202943
505	-0.219574
506	-0.119571
507	-1.020948
508	-0.658324
509	-0.421371
510	-0.566320
511	-0.436679
512	0.576611
513	0.539091
514	0.301905
515	0.555653
516	0.482075
517	-0.016350
518	0.408127
519	0.346812
520	-0.160088
521	0.123180
522	0.355421
523	-0.170487
524	0.367169
525	0.256914
526	-0.026299
527	-0.567503
528	-0.113741
529	-0.159373
530	-0.889065
531	0.856734
532	0.924820
533	0.627056
534	0.302008
535	0.168938
536	0.368286
537	0.779887
538	1.469630
539	1.284122
540	0.728671
541	1.185506
542	0.033458
543	-0.465638
544	-0.253308
545	-0.734177
546	-0.192646
547	-1.109497
548	0.156563
549	-0.502621
550	-0.327155
551	-0.620770
552	-0.382992
553	-0.260257
554	-0.613465
555	-0.452506
556	-0.881668
557	0.459759
558	-0.585988
559	-0.429549
560	-0.360666
561	0.408855
562	-1.217297
563	-0.068862
564	-0.633559
565	0.141158
566	-0.387725
567	0.175373
568	1.593049
569	0.937304
570	0.578582
571	4.179960
572	1.115086
573	0.047930
574	0.112298
575	0.333285
576	0.816421
577	0.368374
578	-0.597155
579	0.820906
580	0.358303
581	0.185191
582	-0.877178
583	-0.208395
584	-0.431813
585	-0.309093
586	-0.055617
587	1.252091
588	-0.140489
589	-0.147261
590	0.073128
591	-0.486526
592	0.646771
593	-1.065145
594	-1.152294
595	-0.544190
596	-1.106092
597	-0.523244
598	-0.616294
599	-0.926457
600	-0.464132
601	-0.700768
602	-0.661816
603	-0.290684
604	-0.221092
605	-0.741412
606	-0.381587
607	-0.090161
608	-0.121214
609	0.175289
610	-0.403841
611	-0.193765
612	-1.000093
613	-0.205357
614	0.149479
615	0.234105
616	-0.178678
617	0.074743
618	1.806501
619	0.983060
620	-0.487470
621	-0.252018
622	-0.208655
623	-0.616387
624	-0.243416
625	0.087701
626	1.652843
627	1.298764
628	-0.046044
629	-0.284526
630	-0.002824
631	1.395243
632	-0.599730
633	-0.756699
634	-0.710274
635	-0.611684
636	-0.594598
637	-0.423007
638	-0.495447
639	0.087271
640	0.905881
641	0.671547
642	-0.270011
643	0.240247
644	-0.553107
645	-0.698384
646	3.459646
647	-0.790826
648	-0.550021
649	-0.495008
650	0.105112
651	-0.217558
652	-0.700827
653	-0.874666
654	-0.667266
655	-0.209986
656	-1.053278
657	-0.104325
658	0.033965
659	-0.627363
660	-0.302609
661	-0.070313
662	-0.062798
663	0.422888
664	-0.839970
665	1.035542
666	-0.429934
667	-0.580286
668	-0.581972
669	-0.463467
670	0.243909
671	-0.507532
672	-0.679879
673	-0.655811
674	-0.379181
675	-0.820031
676	-0.695013
677	-0.605577
678	-0.318987
679	-1.101922
680	0.028285
681	0.899536
682	0.407221
683	0.209607
684	0.570268
685	1.068408
686	1.826538
687	-0.600201
688	-0.371294
689	-0.029792
690	0.052614
691	-1.124803
692	-0.355138
693	-0.991321
694	-0.236689
695	-0.083316
696	-0.838996
697	-0.503071
698	0.055023
699	0.400438
700	0.074581
701	-0.266883
702	0.713939
703	0.415306
704	3.211805
705	1.823428
706	-0.086538
707	2.444788
708	0.251671
709	0.761931
710	-0.182474
711	-0.076620
712	0.576745
713	1.448434
714	0.205896
715	1.164031
716	-0.926235
717	-0.437593
718	0.096327
719	-0.632530
720	-0.048434
721	-0.316391
722	-0.449684
723	1.550269
724	1.701528
725	-0.845481
726	0.819171
727	-0.439004
728	-0.211990
729	0.626183
730	-1.528354
731	0.813757
732	0.282249
733	-0.019568
734	-0.476984
735	-0.814522
736	-0.349860
737	-1.142384
738	-0.085679
739	-0.506311
740	0.177511
741	0.058169
742	-0.057098
743	-0.564267
744	-0.756606
745	-0.278585
746	-0.707738
747	-0.286350
748	-0.632041
749	-0.568447
750	-0.544239
751	-0.535150
752	-0.127281
753	-0.300542
754	6.499111
755	0.379953
756	1.207851
757	0.293695
758	0.729647
759	-0.210486
760	-0.200720
761	-0.427736
762	-0.481750
763	0.060617
764	0.141863
765	-0.525383
766	-0.376355
767	-0.697126
768	-0.285867
769	-1.029404
770	-0.221970
771	-0.471399
772	-0.112483
773	-0.711530
774	-0.160821
775	0.137150
776	-0.386602
777	-1.095749
778	-0.099385
779	-1.086490
780	-0.647278
781	-0.171936
782	-0.479038
783	-0.210004
784	-0.618555
785	0.724522
786	1.090184
787	0.554955
788	-0.297904
789	0.266009
790	-0.230055
791	0.146263
792	-0.931702
793	0.117412
794	-0.088377
795	1.167974
796	-0.194278
797	1.769255
798	1.663082
799	0.190182
800	4.378231
801	1.708658
802	0.955863
803	0.725122
804	-0.514762
805	-0.219922
806	-0.308626
807	-0.091156
808	0.027411
809	1.866011
810	1.187182
811	0.011344
812	-0.038535
813	-0.708817
814	-0.435474
815	-0.401250
816	-0.024176
817	-0.677936
818	-0.218597
819	-0.161931
820	0.642923
821	-0.194333
822	0.389959
823	0.068298
824	1.355498
825	-0.177035
826	0.583982
827	0.969489
828	-0.063735
829	-0.366323
830	-0.116555
831	-0.882697
832	-0.190512
833	0.641728
834	-0.653367
835	-0.125598
836	-0.384050
837	-0.214787
838	-0.946351
839	-0.021994
840	-0.531445
841	0.045378
842	0.519144
843	0.354066
844	-0.603355
845	-0.529579
846	-0.792479
847	-0.384902
848	3.505115
849	2.448441
850	1.631168
851	4.511150
852	0.797188
853	0.402106
854	0.510768
855	-0.124353
856	0.287373
857	-0.577577
858	-0.222011
859	-0.710387
860	0.420597
861	0.667835
862	-0.186988
863	0.227755
864	0.371181
865	-0.519041
866	-0.532715
867	-0.595166
868	-0.633216
869	0.212507
870	-0.333662
871	-0.555347
872	-0.202809
873	0.008886
874	0.011966
875	-0.480608
876	0.311061
877	0.163479
878	1.122553
879	0.396538
880	-0.255851
881	-0.419912
882	0.522830
883	-0.574663
884	-0.606944
885	-0.849362
886	-0.580422
887	-0.607902
888	-0.594670
889	-0.110238
890	0.270378
891	-0.889763
892	0.387073
893	-0.242348
894	-0.075613
895	-0.430768
896	-0.013510
897	0.054461
898	0.671280
899	-0.780800
900	-0.457750
901	-0.808339
902	-0.882232
903	-0.009501
904	-0.718673
905	-0.506420
906	-0.722344
907	-0.516621
908	0.085953
909	0.018764
910	0.315126
911	-0.172472
912	-0.380620
913	0.295863
914	-0.092406
915	-0.555104
916	0.348386
917	0.633458
918	0.333846
919	0.805842
920	-0.489009
921	0.068655
922	0.510148
923	-0.281245
924	0.420819
925	1.050669
926	-0.274422
927	1.434021
928	2.552932
929	1.539079
930	-0.117716
931	0.727326
932	1.200612
933	0.443342
934	-0.117635
935	-0.415301
936	-0.278049
937	-0.155977
938	-0.319310
939	0.652724
940	-0.241404
941	-0.299321
942	0.092371
943	0.021526
944	-0.797930
945	-0.712113
946	-0.699096
947	-0.507948
948	-1.421284
949	-0.804740
950	-0.296777
951	-0.729302
952	-0.513980
953	0.029941
954	-0.756635
955	-0.676331
956	-0.830460
957	-0.739086
958	-0.728623
959	-0.177847
960	-1.193620
961	-0.661068
962	-0.089434
963	-1.105430
964	-0.194816
965	-0.429993
966	-0.290257
967	0.079612
968	-0.706131
969	-0.736488
970	-0.297900
971	-0.591199
972	-0.877844
973	-0.482355
974	-0.209534
975	-1.082717
976	4.279792
977	1.505821
978	3.375240
979	1.284785
980	0.407811
981	-0.215826
982	-0.271020
983	-0.636268
984	-0.380045
985	0.084228
986	0.232901
987	1.818117
988	-0.428784
989	-0.924512
990	-0.048982
991	-0.083069
992	-0.412444
993	-0.877936
994	-0.477848
995	-0.810949
996	-0.393756
997	-0.595636
998	-0.310312
999	0.438253
1000	1.477827
1001	0.282213
1002	0.290906
1003	-0.131527
1004	-0.411664
1005	1.219819
1006	-0.087964
1007	-0.368980
1008	-0.310101
1009	0.215658
1010	0.217288
1011	-0.375365
1012	-0.227430
1013	0.287552
1014	-0.365128
1015	-0.652996
1016	0.434464
1017	-0.422836
1018	-1.192632
1019	-0.406168
1020	-0.086017
1021	-0.801753
1022	-0.821721
1023	-0.924021
1024	-0.633109
1025	0.973347
1026	-0.602731
1027	-1.041902
1028	-0.443489
1029	-0.335248
1030	-0.704784
1031	-0.046024
1032	-0.435137
1033	0.309503
1034	-0.446779
1035	-0.878532
1036	-0.363090
1037	-0.589640
1038	-0.575676
1039	-0.474025
1040	2.551563
1041	-0.741061
1042	-0.846944
1043	-0.733597
1044	-1.048692
1045	-0.626802
1046	-0.939837
1047	-0.810303
1048	-0.683432
1049	-0.616354
1050	-0.592817
1051	0.204788
1052	-0.306820
1053	-0.544575
1054	-0.306407
1055	-0.828663
1056	-0.097402
1057	-1.085596
1058	0.988830
1059	0.388089
1060	-0.738739
1061	0.454426
1062	1.001838
1063	-0.365336
1064	-0.363808
1065	0.299094
1066	0.074630
1067	-0.581893
1068	1.319350
1069	-0.527524
1070	0.298214
1071	-0.845045
1072	-0.701843
1073	-0.733537
1074	0.534740
1075	-0.764458
1076	0.022586
1077	0.395648
1078	-0.448138
1079	-0.479721
1080	0.672718
1081	0.331719
1082	3.849322
1083	1.301689
1084	-0.051783
1085	-0.107444
1086	0.229511
1087	-0.401297
1088	0.147229
1089	0.533305
1090	1.037563
1091	0.532247
1092	0.978641
1093	0.482039
1094	1.708766
1095	-0.131607
1096	0.265884
1097	0.015202
1098	1.368875
1099	1.875397
1100	1.199467
1101	0.852711
1102	3.185449
1103	1.165638
1104	3.949607
1105	5.086127
1106	-0.409190
1107	-0.144103
1108	-0.178278
1109	-0.161850
1110	0.152696
1111	0.931068
1112	0.079791
1113	-0.475933
1114	0.416599
1115	0.728490
1116	0.516633
1117	0.086167
1118	0.345619
1119	0.398802
1120	0.913630
1121	0.276601
1122	0.053132
1123	0.163354
1124	-0.120287
1125	-0.100000
1126	-0.092266
1127	-0.214527
1128	-0.711508
1129	-0.672856
1130	-0.050186
1131	-0.671717
1132	-1.143273
1133	-1.036996
1134	-0.318447
1135	-0.230148
1136	-0.203446
1137	-0.608153
1138	-0.788665
1139	-0.424883
1140	0.037168
1141	-0.449027
1142	0.536910
1143	-0.704307
1144	-0.589676
1145	-0.283132
1146	0.047077
1147	-0.687766
1148	-0.934295
1149	-0.241187
1150	-0.528892
1151	-0.373967
1152	-0.422949
1153	-1.260457
1154	-0.372877
1155	-0.812465
1156	-1.155919
1157	-0.490617
1158	-0.274102
1159	-0.751487
1160	-1.306997
1161	-0.718968
1162	-0.834515
1163	-0.290876
1164	-0.735102
1165	-0.604577
1166	-0.915135
1167	-0.667196
1168	0.402302
1169	0.342641
1170	-0.658259
1171	0.692236
1172	2.448835
1173	2.121823
1174	0.872045
1175	1.410746
1176	1.268346
1177	0.003389
1178	1.018247
1179	0.866683
1180	-0.049639
1181	-0.611028
1182	-0.129029
1183	-0.706889
1184	-1.149513
1185	-0.332348
1186	-0.623573
1187	-0.611955
1188	-1.318469
1189	-0.536328
1190	-0.302382
1191	0.316180
1192	-0.805632
1193	-0.826407
1194	-0.202877
1195	-0.849144
1196	0.562996
1197	0.906666
1198	1.066475
1199	-1.043954
1200	-0.586875
1201	-0.467902
1202	-0.092676
1203	0.932817
1204	0.752362
1205	0.296232
1206	-0.382142
1207	0.603741
1208	0.783777
1209	2.362725
1210	-0.480395
1211	0.639811
1212	0.324864
1213	-0.136831
1214	1.228629
1215	0.927200
1216	1.003870
1217	2.490521
1218	0.694823
1219	1.057406
1220	3.101988
1221	0.153586
1222	1.319223
1223	-0.142437
1224	-0.275064
1225	-0.522752
1226	0.587720
1227	-0.385093
1228	-0.594935
1229	-0.790671
1230	-0.464999
1231	1.252216
1232	-0.646989
1233	-0.151438
1234	0.842910
1235	0.097076
1236	1.874398
1237	-0.792520
1238	-0.451848
1239	-1.418917
1240	1.766519
1241	1.074190
1242	-0.292663
1243	-0.975237
1244	-0.765603
1245	-0.642251
1246	0.374442
1247	-0.336036
1248	-0.152262
1249	0.307637
1250	-0.733740
1251	-0.695333
1252	-0.125204
1253	-0.763880
1254	-0.090215
1255	-0.431148
1256	-0.717039
1257	-0.733093
1258	-0.701945
1259	-0.863458
1260	-1.355797
1261	-0.892004
1262	-0.869358
1263	-0.142231
1264	-1.111891
1265	0.194247
1266	3.275507
1267	0.248571
1268	-0.892344
1269	-0.629364
1270	-0.689655
1271	-0.367011
1272	-0.475720
1273	0.125982
1274	-0.573591
1275	0.478887
1276	-0.633150
1277	-0.853846
1278	-0.296890
1279	-1.226927
1280	0.060785
1281	-0.113777
1282	-0.855896
1283	-0.700836
1284	-0.647464
1285	-0.948408
1286	1.201572
1287	-0.135486
1288	-0.438971
1289	0.208110
1290	-0.712947
1291	-0.109770
1292	-0.817880
1293	-0.679020
1294	-0.501107
1295	-0.201385
1296	-0.232138
1297	-0.911653
1298	-1.164951
1299	-0.375082
1300	-1.089739
1301	-0.486210
1302	0.364365
1303	0.300560
1304	16.491239
1305	2.832575
1306	8.362476
1307	-0.159629
1308	-0.420661
1309	-0.446034
1310	0.445580
1311	-0.237200
1312	0.213213
1313	-0.916254
1314	0.240911
1315	0.030327
1316	-0.413072
1317	-0.462935
1318	-0.683719
1319	1.128188
1320	-0.181812
1321	-0.573561
1322	-0.177601
1323	-0.449876
1324	-0.072912
1325	-1.044179
1326	-1.039172
1327	-0.576492
1328	-0.659775
1329	-0.570587
1330	-0.708240
1331	-0.246604
1332	-0.479759
1333	-0.919210
1334	-0.395291
1335	-1.072207
1336	-0.485443
1337	-0.812302
1338	-0.350281
1339	-0.847088
1340	-0.900161
1341	-0.724570
1342	-0.623173
1343	0.649500
1344	-0.593400
1345	-0.435398
1346	-0.867972
1347	0.199867
1348	0.136986
1349	-0.695858
1350	-0.258854
1351	-0.386279
1352	-0.604818
1353	-0.299720
1354	0.345074
1355	-1.370037
1356	-0.430429
1357	-0.487966
1358	-1.060609
1359	-0.718348
1360	-0.749097
1361	-1.184020
1362	-0.771176
1363	0.006491
1364	-0.457090
1365	-0.360154
1366	-0.658362
1367	-1.015884
1368	-0.498629
1369	-0.607855
1370	-0.475484
1371	-0.477687
1372	-0.206725
1373	0.019445
1374	-0.081108
1375	-0.589339
1376	-1.042981
1377	-0.259608
1378	-0.342740
1379	-0.758658
1380	-0.259479
1381	-0.066766
1382	-0.084666
1383	-0.982779
1384	-0.334675
1385	-0.467730
1386	-0.383496
1387	0.605219
1388	0.551832
1389	-0.042026
1390	-0.267868
1391	-0.170309
1392	-0.811687
1393	-0.726554
1394	-0.512574
1395	-0.483489
1396	-0.494561
1397	0.194343
1398	2.168917
1399	1.389003
1400	2.493057
1401	2.454042
1402	1.346825
1403	0.011474
1404	0.948793
1405	0.128316
1406	0.922848
1407	-0.077569
1408	0.907310
1409	0.376941
1410	-0.635029
1411	0.581452
1412	0.579402
1413	-0.593587
1414	1.196374
1415	-0.089696
1416	-0.115193
1417	3.723598
1418	0.019356
1419	-0.626742
1420	-0.681810
1421	-0.811105
1422	-0.053286
1423	-0.496435
1424	-0.806334
1425	-0.897966
1426	-0.797620
1427	-1.137415
1428	-1.251705
1429	-0.552329
1430	-0.759678
1431	-1.063975
1432	-0.888635
1433	-0.729846
1434	-0.727409
1435	-0.843784
1436	-0.893662
1437	-0.672074
1438	-0.479539
1439	-0.900296
1440	-0.917015
1441	-0.427051
1442	-0.771499
1443	-1.071248
1444	-0.180019
1445	0.408700
1446	-0.234165
1447	0.402503
1448	1.474924
1449	0.722948
1450	1.921382
1451	0.340616
1452	-0.531757
1453	1.567382
1454	1.134245
1455	2.184335
1456	2.109518
1457	0.383442
1458	1.847058
1459	2.232561
1460	2.903592
1461	4.994898
1462	2.793822
1463	1.221666
1464	-0.349404
1465	-0.538965
1466	-0.208746
1467	-0.835006
1468	-0.566199
1469	0.879990
1470	0.344798
1471	-0.005174
1472	-0.060230
1473	-0.472685
1474	-0.547300
1475	-0.916831
1476	-0.970348
1477	-0.788448
1478	-1.065716
1479	-0.766326
1480	-1.256900
1481	-0.490403
1482	-0.769995
1483	-0.588512
1484	-0.969348
1485	-0.444216
1486	-0.009827
1487	-0.597041
1488	-0.483744
1489	-0.683127
1490	-0.491847
1491	-0.386228
1492	0.110223
1493	-0.760637
1494	-0.883537
1495	-0.648319
1496	-0.730948
1497	-0.611265
1498	0.367151
1499	0.361598
1500	0.405666
1501	0.409288
1502	-0.378461
1503	-0.842766
1504	1.464902
1505	-0.087836
1506	1.337737
1507	0.815745
1508	0.090214
1509	0.171847
1510	3.671253
1511	-0.524967
1512	-0.615551
1513	0.161227
1514	1.231376
1515	1.054909
1516	-0.368346
1517	-0.731595
1518	-0.960582
1519	-0.354076
1520	-0.936399
1521	0.312824
1522	-0.307151
1523	1.144365
1524	-0.795257
1525	-0.105393
1526	-0.848751
1527	0.675663
1528	-1.033631
1529	-0.300091
1530	-0.394858
1531	-1.190152
1532	-0.545360
1533	-0.554557
1534	-0.858830
1535	-0.443322
1536	-0.051069
1537	-0.574650
1538	-0.346830
1539	-0.872690
1540	0.592513
1541	-0.185653
1542	-0.861098
1543	2.695337
1544	2.094311
1545	1.686130
1546	0.644710
1547	-0.672795
1548	-0.555325
1549	-0.850629
1550	1.899161
1551	-999
1552	-999
