1	-999
2	-999
3	-999
4	-999
5	-999
6	-999
7	-999
8	-999
9	-999
10	-999
11	0.558949
12	-0.017027
13	0.024076
14	0.447704
15	-0.166859
16	0.973508
17	0.492623
18	-0.095755
19	-0.345788
20	-0.807410
21	0.480205
22	-0.642459
23	-0.912992
24	-0.935398
25	0.711982
26	0.997712
27	1.083104
28	-0.589328
29	-0.686675
30	-0.164993
31	-0.262320
32	0.540989
33	-0.014952
34	-0.064441
35	-0.037126
36	-0.157731
37	-0.417570
38	-0.215239
39	-0.130948
40	-0.061499
41	-0.576013
42	0.486712
43	-0.005108
44	-0.872642
45	0.632123
46	1.758223
47	0.561174
48	0.370601
49	-0.373490
50	-0.643506
51	0.625159
52	0.298064
53	0.373747
54	0.592991
55	0.014091
56	-0.036474
57	1.128160
58	-0.293975
59	-0.773320
60	0.118172
61	0.412542
62	0.276476
63	-0.308237
64	-0.105608
65	-0.473846
66	-0.440533
67	0.459852
68	-0.413557
69	-0.297652
70	0.372671
71	-0.245435
72	-0.384688
73	0.055590
74	-0.469029
75	0.657753
76	0.518084
77	0.939224
78	-0.462192
79	-0.120754
80	-0.599380
81	-0.331534
82	-0.170860
83	0.298577
84	0.677108
85	1.227440
86	-0.393107
87	0.821054
88	0.242916
89	-0.245643
90	-0.036618
91	-0.683888
92	0.015610
93	-0.028398
94	1.182963
95	-0.504044
96	-0.075216
97	-0.319277
98	-0.399062
99	0.289508
100	0.213726
101	-0.139757
102	5.672586
103	0.641398
104	0.197013
105	-0.426073
106	0.582117
107	0.683637
108	-0.088482
109	-0.245876
110	0.483608
111	1.743581
112	0.125658
113	0.117826
114	-0.470246
115	0.989457
116	0.509126
117	1.503166
118	0.124561
119	-0.320458
120	-0.561716
121	-0.255605
122	0.122939
123	-0.256093
124	-0.510547
125	-0.404318
126	-0.269414
127	0.015372
128	0.227095
129	0.624121
130	-0.276007
131	-0.966705
132	1.781016
133	0.262448
134	-0.712899
135	0.155483
136	-0.664877
137	-0.237913
138	-0.193860
139	-0.680081
140	-0.397156
141	0.441284
142	1.368808
143	-0.294861
144	-0.642939
145	-0.353439
146	-0.820974
147	-0.131022
148	-0.490781
149	-0.003842
150	-0.204217
151	-0.152257
152	-0.184186
153	-0.469786
154	-0.802217
155	-0.728317
156	0.415078
157	-0.397436
158	-0.089196
159	-0.248881
160	1.040023
161	0.314679
162	-0.600212
163	-0.757584
164	-0.347380
165	-0.420806
166	-0.766889
167	0.618962
168	0.734517
169	-0.348275
170	0.034115
171	-0.264836
172	0.524858
173	0.636425
174	-0.544192
175	0.208181
176	-0.713894
177	0.710051
178	1.378556
179	0.362082
180	0.106870
181	0.444375
182	-0.260920
183	-0.842618
184	-0.843458
185	-0.196456
186	-0.488435
187	-0.121558
188	-0.074450
189	-0.254794
190	-0.001648
191	-0.331693
192	-0.377773
193	0.786331
194	2.296636
195	-0.189398
196	0.001731
197	-0.168319
198	-0.265579
199	-0.200101
200	-0.058994
201	0.750863
202	-0.891271
203	-0.317349
204	0.049600
205	-0.560964
206	-0.030182
207	-0.706967
208	-0.674240
209	-0.729581
210	-0.767175
211	-0.303220
212	-1.029227
213	-0.279698
214	-0.534190
215	-0.190454
216	0.130710
217	0.344869
218	0.910263
219	1.805756
220	0.126175
221	-0.435839
222	2.364610
223	-0.741174
224	-0.815760
225	-0.868296
226	-0.532144
227	-0.951090
228	-0.944725
229	-0.736868
230	-0.779389
231	-0.729827
232	-0.415094
233	-0.474816
234	-0.138015
235	-0.136734
236	0.797568
237	-0.046603
238	-0.742362
239	-0.293232
240	-0.469390
241	-0.884835
242	-0.021084
243	-0.289074
244	0.453503
245	0.412774
246	1.579980
247	-0.089474
248	0.718086
249	0.081073
250	1.016303
251	0.513177
252	-0.450333
253	0.584478
254	1.067004
255	2.424242
256	0.976661
257	2.514023
258	1.711555
259	1.516491
260	2.366995
261	3.217079
262	-0.337520
263	-0.368207
264	1.144400
265	-0.720876
266	1.362241
267	-0.881166
268	0.214888
269	-0.201811
270	0.069681
271	-0.292321
272	-0.632717
273	-0.545349
274	0.353461
275	-0.853914
276	-0.860746
277	-0.792430
278	-0.651508
279	-0.800070
280	-0.346459
281	-1.103967
282	-0.787701
283	-0.552029
284	0.286129
285	-0.119114
286	0.722328
287	-0.229739
288	-0.899481
289	-0.208382
290	-0.251855
291	-0.163975
292	-0.256815
293	-1.074612
294	-0.658493
295	-0.138574
296	-0.438563
297	0.265843
298	-0.570737
299	-0.094658
300	0.745874
301	0.184586
302	-0.581880
303	-0.210742
304	-0.446147
305	-0.328673
306	-0.504134
307	-0.747209
308	-0.705531
309	0.158693
310	-0.096337
311	-0.143947
312	-0.815519
313	0.549052
314	0.392303
315	-0.296829
316	-0.426649
317	-0.397780
318	0.259559
319	0.011788
320	-0.304425
321	-0.021431
322	-0.347031
323	-0.485126
324	-0.668768
325	-0.474533
326	-0.225967
327	-0.966619
328	1.129449
329	1.428142
330	-0.129027
331	-0.653426
332	-0.704963
333	-0.522187
334	1.073808
335	0.248050
336	0.453287
337	0.966902
338	-0.317619
339	0.017955
340	0.407325
341	3.193528
342	1.701698
343	0.365748
344	-0.199349
345	0.293346
346	0.360657
347	-0.460556
348	-0.219329
349	-0.617516
350	-0.337941
351	0.725444
352	3.034010
353	-0.744369
354	-0.741650
355	-0.723009
356	-0.993681
357	-0.738679
358	-0.345888
359	0.840655
360	-0.242667
361	-0.401174
362	-0.590760
363	-0.104989
364	-1.300183
365	0.146435
366	-0.021446
367	-0.428438
368	-0.302659
369	-0.790990
370	0.186255
371	1.647631
372	1.114197
373	0.672905
374	0.068551
375	0.232284
376	-0.481149
377	-0.472562
378	-0.655227
379	-0.360035
380	0.167548
381	0.834803
382	-0.296617
383	0.076145
384	-0.916770
385	-0.152260
386	0.624652
387	-0.310673
388	0.124411
389	-0.446292
390	0.821864
391	-0.317259
392	-0.421964
393	-0.108088
394	-0.293656
395	-0.022993
396	1.083251
397	0.472408
398	-0.322663
399	-1.167449
400	-0.219621
401	-0.776986
402	0.141043
403	0.457850
404	0.270287
405	-0.424919
406	-0.652780
407	-0.499147
408	-0.191153
409	-0.978677
410	0.605143
411	0.265155
412	-0.422110
413	-0.566724
414	-0.241953
415	2.561548
416	-0.462757
417	0.053553
418	4.712063
419	1.154640
420	-0.713702
421	-0.243348
422	-0.953667
423	-0.282219
424	0.037398
425	0.067211
426	-0.141958
427	0.249867
428	1.077646
429	1.024896
430	0.391446
431	-0.207591
432	-0.116714
433	0.425365
434	0.492051
435	-0.517496
436	0.328614
437	-0.159437
438	-0.548868
439	-0.232163
440	-0.072176
441	-0.318659
442	-0.451252
443	-0.034470
444	0.400656
445	0.780787
446	-0.207981
447	-0.224281
448	-0.615288
449	0.476601
450	0.154293
451	-0.694515
452	-0.704198
453	-0.399421
454	-0.844914
455	0.206764
456	-0.676309
457	-0.753542
458	0.542932
459	1.388431
460	0.681486
461	-0.751707
462	-0.018831
463	-1.232079
464	-1.135371
465	-0.832914
466	-1.080602
467	-0.515140
468	-1.078273
469	-0.318146
470	0.024556
471	-0.291850
472	-0.894253
473	-0.262812
474	0.179579
475	-0.268692
476	4.077980
477	-0.461535
478	-0.850097
479	-0.713173
480	-0.332409
481	0.746054
482	-0.078768
483	-0.642347
484	-0.438285
485	-0.494228
486	0.357821
487	-0.498980
488	-0.504677
489	-0.183200
490	0.088000
491	0.069371
492	-0.361708
493	-0.771497
494	-0.425096
495	0.118319
496	-0.337219
497	-0.576656
498	-0.572459
499	-0.549804
500	-0.638430
501	-0.466273
502	-0.786856
503	-0.593085
504	-0.922353
505	0.085314
506	-0.171207
507	-0.893954
508	-0.613908
509	-0.446031
510	-0.563050
511	-0.453723
512	0.642928
513	0.268201
514	0.197268
515	0.588643
516	0.484534
517	-0.202687
518	0.420773
519	0.349404
520	-0.164033
521	0.275263
522	0.231699
523	-0.348671
524	0.393238
525	-0.148186
526	-0.016914
527	-0.577215
528	0.055648
529	-0.180614
530	-0.578082
531	0.878995
532	0.657546
533	-0.050260
534	1.215295
535	-0.060421
536	0.407523
537	0.633773
538	1.139665
539	1.415805
540	0.724179
541	0.760928
542	0.029954
543	-0.471722
544	-0.151738
545	-0.684413
546	-0.189170
547	-1.101828
548	0.014699
549	-0.475941
550	-0.333262
551	-0.682043
552	-0.310640
553	-0.207311
554	-0.443591
555	-0.494468
556	-0.854673
557	0.498512
558	-0.575511
559	-0.034765
560	-0.490140
561	0.460947
562	-0.858887
563	-0.095179
564	-0.606826
565	0.373390
566	-0.416921
567	0.305732
568	1.582143
569	1.129452
570	0.587961
571	4.276049
572	1.049005
573	0.032150
574	0.249161
575	0.227305
576	0.646174
577	0.403825
578	-0.573758
579	1.025946
580	0.409502
581	0.153509
582	-0.789424
583	-0.304086
584	-0.325565
585	-0.174099
586	-0.081104
587	1.142479
588	-0.130280
589	-0.092913
590	0.001276
591	-0.624667
592	0.532865
593	-1.101229
594	0.361695
595	-0.636506
596	-1.088619
597	-0.452822
598	-0.577376
599	-0.874708
600	-0.434697
601	-0.658728
602	-0.688369
603	-0.280228
604	-0.377559
605	-0.807047
606	-0.393456
607	-0.270878
608	-0.590097
609	-0.070826
610	-0.327256
611	-0.114870
612	-1.010828
613	-0.191864
614	-0.046159
615	0.341140
616	-0.231088
617	0.264130
618	0.672613
619	1.129022
620	0.994071
621	-0.139737
622	-0.133246
623	-0.605544
624	-0.205124
625	-0.308989
626	1.695556
627	0.838066
628	-0.093716
629	-0.396394
630	0.227378
631	1.416501
632	-0.567588
633	-0.733494
634	-0.741796
635	-0.579425
636	-0.601849
637	-0.312148
638	-0.466352
639	0.143331
640	0.797087
641	0.721162
642	-0.265492
643	0.229693
644	-0.568943
645	-0.684256
646	1.870438
647	-0.835799
648	-0.375065
649	-0.472277
650	0.188558
651	-0.133107
652	-0.651836
653	-0.779050
654	-0.702530
655	-0.178744
656	-1.097003
657	-0.145769
658	0.027128
659	-0.707108
660	-0.283011
661	-0.059621
662	-0.270021
663	0.441824
664	-0.840020
665	1.012716
666	-0.430350
667	-0.537490
668	-0.783412
669	-0.397469
670	0.053465
671	-0.530856
672	-0.934762
673	-0.681785
674	-0.416943
675	-0.797105
676	-0.907603
677	-0.912259
678	-0.285056
679	-1.186581
680	0.155947
681	0.909371
682	0.073459
683	0.220134
684	0.685018
685	1.253034
686	1.852775
687	-0.606255
688	-0.337364
689	0.000712
690	0.184605
691	-1.056917
692	-0.179700
693	-1.108088
694	-0.242304
695	-0.080739
696	-0.769019
697	-0.519491
698	0.186163
699	0.433139
700	0.348576
701	-0.482667
702	0.704326
703	0.464836
704	3.176901
705	1.832434
706	-0.097644
707	2.631773
708	0.080642
709	0.755572
710	-0.499967
711	0.078779
712	-0.037487
713	0.139141
714	0.236492
715	0.923141
716	-0.941747
717	-0.456270
718	-0.000346
719	-0.590958
720	0.011662
721	-0.296898
722	-0.766132
723	1.587565
724	1.804921
725	-0.391306
726	0.912496
727	-0.102905
728	-0.203499
729	0.569491
730	1.986790
731	0.856710
732	0.388143
733	-0.081482
734	-0.567848
735	-0.835006
736	-0.271152
737	-1.203074
738	-0.333202
739	-0.613019
740	0.107727
741	-0.149182
742	-0.021829
743	-0.603658
744	-0.734080
745	-0.227006
746	-0.642267
747	-0.261647
748	-0.639155
749	-0.605826
750	-0.713168
751	-0.167380
752	-0.081257
753	-0.364194
754	5.436008
755	0.369252
756	1.782780
757	0.562186
758	0.678606
759	-0.295774
760	-0.399280
761	-0.284469
762	-0.356809
763	-0.230283
764	0.709846
765	-0.465832
766	-0.362257
767	-0.749473
768	-0.408296
769	-1.054884
770	-0.218724
771	-0.590531
772	-0.106686
773	-0.817110
774	-0.176282
775	-0.019900
776	-0.225574
777	-1.080955
778	-0.020103
779	-1.031581
780	-0.454204
781	-0.342093
782	-0.590534
783	-0.166463
784	-0.708485
785	0.718766
786	0.996313
787	0.453115
788	-0.484750
789	0.255401
790	0.000043
791	0.079546
792	-0.893109
793	0.125523
794	-0.194494
795	1.089625
796	-0.177686
797	1.794761
798	1.484980
799	-0.219221
800	4.646156
801	1.782898
802	0.546044
803	0.662071
804	-0.581347
805	-0.195253
806	-0.345723
807	-0.322593
808	0.057141
809	1.877893
810	-0.769597
811	-0.206338
812	0.013087
813	-0.748101
814	-0.383860
815	-0.413879
816	0.045634
817	-0.610115
818	-0.255499
819	-0.212026
820	0.364852
821	-0.047133
822	-0.413036
823	0.111355
824	1.846291
825	-0.144420
826	-0.072868
827	1.079277
828	-0.087320
829	-0.445862
830	-0.043297
831	-1.193377
832	-0.130809
833	0.093242
834	-0.372744
835	-0.186630
836	-0.380629
837	-0.052664
838	-0.929033
839	0.603878
840	-0.688550
841	-0.000608
842	0.355192
843	0.460953
844	-0.533955
845	-0.518161
846	-0.794656
847	-0.434832
848	3.418690
849	2.496221
850	1.574942
851	4.877318
852	1.027445
853	0.211098
854	0.454024
855	-0.031863
856	0.461949
857	-0.571378
858	-0.210752
859	-0.607560
860	0.048253
861	0.549543
862	0.057003
863	0.230485
864	0.267085
865	-0.496757
866	-0.537187
867	-0.527286
868	-0.543909
869	0.150267
870	-0.366436
871	-0.468589
872	-0.314622
873	0.036022
874	-0.124186
875	-0.391273
876	-0.180603
877	0.158296
878	0.929636
879	0.466125
880	-0.228517
881	-0.314834
882	-0.553458
883	-0.712356
884	-0.606150
885	-0.832137
886	-0.531354
887	-0.285292
888	-0.505320
889	-0.112439
890	0.188055
891	0.054213
892	0.325272
893	-0.196329
894	-0.136934
895	-0.481137
896	0.062362
897	0.076182
898	0.716952
899	-0.918061
900	-0.435461
901	-0.621427
902	-0.556958
903	-0.001334
904	-0.615579
905	-0.368305
906	-0.649063
907	-0.521109
908	0.013868
909	0.040526
910	0.368977
911	-0.235744
912	-0.401708
913	0.341506
914	-0.193675
915	-0.535478
916	0.305103
917	0.662682
918	-0.234847
919	0.848365
920	-0.372083
921	0.098400
922	0.528739
923	-0.248493
924	0.270519
925	0.688674
926	-0.761005
927	1.427378
928	2.869391
929	1.736868
930	-0.460266
931	0.018688
932	1.254372
933	0.524256
934	-0.152318
935	-0.382380
936	-0.353103
937	-0.131373
938	-0.216513
939	-0.162252
940	-0.246285
941	-0.325522
942	-0.127609
943	0.122120
944	-0.810265
945	-0.697704
946	-0.620550
947	-0.472225
948	-1.336654
949	-0.817010
950	-0.436582
951	-0.725587
952	-0.478362
953	-0.169156
954	-0.879188
955	-0.640477
956	-0.797102
957	-0.667775
958	-0.822182
959	-0.222841
960	-1.119882
961	-0.536725
962	0.159877
963	-1.069239
964	-0.248771
965	-0.372930
966	-0.260186
967	-0.039508
968	-0.630181
969	-0.719372
970	-0.248929
971	-0.483274
972	-1.118396
973	-0.457446
974	-0.354589
975	-0.924960
976	4.320107
977	1.439286
978	3.771581
979	1.235502
980	0.630110
981	-0.175129
982	-0.262423
983	-0.442078
984	-1.007220
985	-0.306329
986	0.273901
987	2.062680
988	-0.411966
989	-0.810262
990	-0.048683
991	-0.045074
992	-0.401027
993	-0.350135
994	-0.482400
995	-0.828657
996	-0.420778
997	-0.675889
998	-0.263256
999	0.540625
1000	1.405674
1001	0.474011
1002	0.001281
1003	0.098240
1004	-0.237810
1005	1.237726
1006	-0.109202
1007	-0.583326
1008	-0.312204
1009	0.041539
1010	0.217410
1011	-0.310155
1012	-0.407808
1013	0.515469
1014	-0.149231
1015	-0.635961
1016	0.455941
1017	-0.433497
1018	-0.669087
1019	-0.381188
1020	-0.128673
1021	-0.781876
1022	-0.704446
1023	-0.844173
1024	-0.753268
1025	1.092267
1026	-0.380848
1027	-1.024491
1028	-0.407689
1029	-0.672296
1030	-0.728701
1031	0.011109
1032	-0.399482
1033	0.414976
1034	-0.226326
1035	-0.023078
1036	-0.327428
1037	-0.561886
1038	-0.642298
1039	-0.559531
1040	2.645738
1041	-0.731994
1042	-0.827042
1043	-0.697644
1044	-0.980411
1045	-0.628556
1046	-0.860777
1047	-0.790440
1048	-0.739415
1049	-0.575094
1050	-0.514245
1051	0.325850
1052	-0.396355
1053	-0.549364
1054	-0.187302
1055	-1.120638
1056	-0.018512
1057	-1.070824
1058	1.015026
1059	-0.031016
1060	-0.603562
1061	0.594196
1062	1.088479
1063	-0.362058
1064	-0.381901
1065	0.092696
1066	-0.006918
1067	-0.631891
1068	1.709460
1069	-0.483804
1070	-0.089984
1071	-0.887185
1072	-0.593611
1073	-0.711059
1074	0.819113
1075	-0.739282
1076	0.057997
1077	0.258118
1078	-0.415032
1079	-0.584356
1080	0.704622
1081	0.283073
1082	3.757402
1083	1.155594
1084	-0.032612
1085	-0.080181
1086	-0.017061
1087	-0.344196
1088	-0.112348
1089	0.346514
1090	0.081795
1091	0.686463
1092	1.199216
1093	0.727130
1094	1.761471
1095	-0.412940
1096	0.003558
1097	0.009796
1098	1.354477
1099	1.903802
1100	0.584158
1101	0.097094
1102	3.243177
1103	0.615667
1104	3.942800
1105	5.117336
1106	-0.265764
1107	-0.130245
1108	-0.442246
1109	0.058951
1110	0.018717
1111	0.719769
1112	0.168535
1113	-0.461765
1114	0.377943
1115	0.513356
1116	1.244580
1117	-0.494803
1118	0.383270
1119	0.336183
1120	0.931851
1121	1.363654
1122	0.015190
1123	0.193057
1124	-0.133581
1125	-0.370534
1126	-0.385601
1127	0.054913
1128	-0.713331
1129	-0.666655
1130	-0.039103
1131	-0.638567
1132	-1.068467
1133	-1.081625
1134	-0.193084
1135	-0.251349
1136	-0.333915
1137	-0.125831
1138	-0.760750
1139	-1.074447
1140	0.133671
1141	-0.405165
1142	0.523205
1143	-0.681824
1144	-0.643171
1145	-0.360292
1146	-0.060169
1147	-0.670697
1148	-0.257865
1149	-0.227234
1150	-0.511977
1151	-0.330256
1152	-0.430677
1153	-0.753987
1154	-0.210809
1155	-0.765701
1156	-0.849905
1157	-0.873929
1158	-0.294997
1159	-0.680460
1160	-1.213818
1161	-0.685589
1162	-0.900592
1163	-0.046242
1164	-1.178228
1165	-0.592970
1166	-0.935629
1167	-0.679721
1168	0.123453
1169	-1.132776
1170	-0.582195
1171	0.291671
1172	2.702135
1173	2.160435
1174	0.370538
1175	1.348226
1176	1.354815
1177	0.030701
1178	1.331386
1179	1.094332
1180	0.234397
1181	-0.674423
1182	0.041928
1183	-0.681756
1184	-1.131998
1185	-0.514764
1186	-0.751406
1187	-0.412393
1188	-1.249715
1189	-0.489781
1190	-0.226595
1191	0.632199
1192	-0.734366
1193	-0.822743
1194	-0.317602
1195	-1.209195
1196	0.669339
1197	0.771331
1198	0.413958
1199	-0.940028
1200	-0.548343
1201	-0.340801
1202	-0.116699
1203	0.894517
1204	0.642817
1205	0.204638
1206	-0.225590
1207	0.899542
1208	0.903056
1209	2.360718
1210	-0.441941
1211	0.463598
1212	0.295140
1213	0.012749
1214	0.714833
1215	1.252095
1216	1.259841
1217	2.612960
1218	0.577997
1219	1.078221
1220	1.474667
1221	1.498593
1222	1.742688
1223	-0.580868
1224	-0.255666
1225	-0.346639
1226	0.400545
1227	-0.403501
1228	-0.575229
1229	-0.781753
1230	-0.423693
1231	1.863838
1232	-0.602783
1233	-0.129407
1234	0.659037
1235	0.167696
1236	2.047999
1237	-0.667243
1238	-0.472838
1239	-1.414809
1240	1.786600
1241	0.970366
1242	-0.124703
1243	-0.947109
1244	-0.526881
1245	-0.393824
1246	0.423026
1247	-0.338172
1248	-0.189517
1249	-0.085970
1250	-0.810345
1251	-0.609592
1252	-0.076078
1253	-0.833403
1254	-0.456676
1255	-0.392675
1256	-0.694520
1257	-0.702376
1258	-0.620320
1259	-0.867734
1260	-1.286904
1261	-0.861269
1262	-0.803745
1263	-0.147200
1264	-0.948521
1265	0.224036
1266	3.770284
1267	0.210860
1268	-1.068928
1269	-0.539531
1270	-0.632172
1271	-0.423615
1272	-0.496997
1273	-0.020834
1274	-0.637467
1275	0.685938
1276	-0.699642
1277	-0.812358
1278	-0.106001
1279	-1.222781
1280	0.090770
1281	-0.032536
1282	-0.806288
1283	-0.691860
1284	-0.758095
1285	-0.053571
1286	1.126995
1287	-0.094298
1288	-0.389816
1289	0.023100
1290	-0.558249
1291	0.088992
1292	-0.672869
1293	-0.678226
1294	-0.503174
1295	-0.308553
1296	-0.523028
1297	-0.956793
1298	-0.642424
1299	-0.317747
1300	-0.874825
1301	-0.341906
1302	0.789927
1303	1.418979
1304	16.298023
1305	3.263406
1306	8.057283
1307	-0.063442
1308	-0.406603
1309	-0.494132
1310	0.461554
1311	-0.112398
1312	-0.125838
1313	-0.812404
1314	0.584609
1315	0.060361
1316	-0.444829
1317	-0.378717
1318	-0.521075
1319	1.102292
1320	-0.695092
1321	-0.622387
1322	0.090475
1323	-0.476243
1324	-0.121543
1325	-0.675471
1326	-0.929962
1327	-0.513735
1328	-0.561636
1329	-0.847422
1330	-0.720798
1331	-0.712866
1332	-0.373792
1333	-0.663905
1334	-0.451448
1335	-1.057464
1336	-0.425270
1337	-0.579155
1338	-0.177331
1339	-1.064837
1340	-0.960998
1341	-0.718244
1342	-0.763202
1343	0.788743
1344	-0.579122
1345	-0.486478
1346	-0.850729
1347	0.205220
1348	0.120900
1349	-0.752407
1350	-0.266538
1351	-0.388428
1352	-0.508668
1353	-0.250583
1354	0.083666
1355	-0.288797
1356	-0.274800
1357	-0.425076
1358	-1.035077
1359	-0.638371
1360	-0.563203
1361	-0.936235
1362	-0.654067
1363	-0.205601
1364	-0.716076
1365	-0.337974
1366	-0.663256
1367	-1.009334
1368	-0.438083
1369	-0.831713
1370	-0.455889
1371	-0.266745
1372	-0.144030
1373	-0.095305
1374	0.233290
1375	-0.553387
1376	-1.044532
1377	-0.286287
1378	-0.372724
1379	-0.600229
1380	-0.250985
1381	-0.662363
1382	-0.136730
1383	-1.006100
1384	0.130617
1385	-0.437254
1386	-0.472927
1387	0.615594
1388	0.623269
1389	-0.122002
1390	-0.170767
1391	-0.151005
1392	-0.720996
1393	-0.814410
1394	-0.536815
1395	-0.458377
1396	-0.452489
1397	0.155043
1398	2.135800
1399	0.835515
1400	1.846221
1401	2.490365
1402	1.372986
1403	0.152598
1404	1.027878
1405	0.262216
1406	1.024334
1407	-0.041727
1408	-0.137692
1409	0.522900
1410	-0.301620
1411	0.650268
1412	0.592442
1413	-0.831045
1414	1.177807
1415	-0.053516
1416	-0.032679
1417	3.425349
1418	2.013596
1419	-0.598578
1420	-0.659183
1421	-0.899867
1422	0.043803
1423	-0.476757
1424	-0.758277
1425	-0.934353
1426	-0.788901
1427	-1.122742
1428	-1.070519
1429	-0.501864
1430	-0.985486
1431	-1.046543
1432	-0.874163
1433	-0.871726
1434	-0.701938
1435	-0.801234
1436	-0.876394
1437	-0.745365
1438	-0.708556
1439	-0.852347
1440	-0.863304
1441	-0.357177
1442	-0.843964
1443	-1.082173
1444	-0.154861
1445	0.405049
1446	-0.460676
1447	0.505562
1448	1.484264
1449	0.810466
1450	1.719300
1451	0.169380
1452	-0.649147
1453	1.812100
1454	1.392153
1455	1.920305
1456	2.599301
1457	1.863201
1458	1.958269
1459	2.429533
1460	2.900184
1461	5.325687
1462	1.606513
1463	1.291209
1464	-0.791809
1465	-0.470767
1466	-0.263633
1467	-0.593317
1468	-0.549247
1469	0.661586
1470	-0.010980
1471	-0.008977
1472	0.004648
1473	-0.384756
1474	-0.396066
1475	-0.785879
1476	-0.947318
1477	-0.811085
1478	-1.011193
1479	-0.729147
1480	-1.264974
1481	-0.413371
1482	-0.629911
1483	-0.525598
1484	-1.003824
1485	-0.354594
1486	0.206734
1487	-0.441365
1488	-0.770890
1489	-0.634034
1490	-0.489470
1491	-0.584128
1492	0.617039
1493	-0.728917
1494	-0.875024
1495	-0.619605
1496	-0.857349
1497	-0.544348
1498	0.409831
1499	0.428042
1500	0.409677
1501	0.494111
1502	-0.382965
1503	-0.844143
1504	1.442550
1505	0.478816
1506	1.372328
1507	0.750048
1508	0.139532
1509	0.265140
1510	4.746329
1511	-0.570274
1512	-0.644502
1513	0.319918
1514	1.165065
1515	1.062857
1516	-0.539108
1517	-0.652660
1518	-0.663524
1519	-0.262532
1520	-0.910933
1521	0.410678
1522	-0.038174
1523	1.783255
1524	-0.633311
1525	-0.108361
1526	-0.753009
1527	0.686827
1528	-0.968705
1529	-0.779136
1530	-0.349997
1531	-1.177290
1532	-0.489147
1533	-0.532704
1534	-0.738314
1535	-0.416636
1536	-0.034615
1537	-0.578403
1538	-0.377729
1539	-0.927607
1540	2.374959
1541	-0.253258
1542	-0.682956
1543	3.720688
1544	2.221791
1545	1.700906
1546	1.247239
1547	-0.680162
1548	-0.459566
1549	-0.752155
1550	1.980873
1551	-999
1552	-999
