1	-999
2	-999
3	-999
4	-999
5	-999
6	-999
7	1.255136
8	-0.493090
9	0.525157
10	-0.093401
11	1.665078
12	1.084326
13	1.051615
14	-0.647739
15	0.306376
16	0.338598
17	0.531746
18	-0.068347
19	0.512754
20	1.599974
21	0.153289
22	0.254148
23	-0.271153
24	0.718756
25	0.648449
26	1.083219
27	-0.012013
28	0.865583
29	-0.362489
30	-0.112760
31	0.862632
32	1.441362
33	-0.031869
34	-0.077235
35	0.214150
36	0.189840
37	1.121673
38	0.226300
39	0.199201
40	-0.314503
41	-0.572691
42	-0.158871
43	-0.616918
44	-0.213478
45	-0.156409
46	-0.395066
47	-0.245464
48	-0.406811
49	-0.529343
50	0.679112
51	-0.143832
52	-0.079634
53	-0.107316
54	-0.824020
55	-0.520719
56	-0.339530
57	-0.339394
58	0.168823
59	-0.399338
60	0.067424
61	-0.220256
62	-0.194325
63	-0.272521
64	-0.073213
65	0.111082
66	-0.367282
67	-0.757420
68	-0.863839
69	-0.864090
70	-0.737230
71	-0.759255
72	-0.255461
73	-0.530376
74	-0.489864
75	-0.520084
76	-0.086601
77	4.236533
78	8.966654
79	0.592520
80	0.092340
81	-0.147065
82	0.489520
83	-0.314575
84	-0.344371
85	-0.197852
86	-0.023052
87	-0.250895
88	0.482275
89	-0.067978
90	-0.077944
91	0.031000
92	-0.151430
93	0.150611
94	-0.184756
95	0.979638
96	0.890756
97	0.220123
98	1.547361
99	-0.194242
100	-0.179689
101	-0.467091
102	0.571625
103	-0.290889
104	-0.326794
105	-0.618174
106	0.253335
107	-0.225833
108	-0.506069
109	-0.441318
110	-0.647504
111	-0.161520
112	-0.128869
113	-0.583269
114	-0.607590
115	-0.392897
116	-0.348846
117	0.041524
118	-0.352977
119	-0.189831
120	-0.363761
121	-0.156415
122	-0.087420
123	0.031153
124	-0.210955
125	0.101142
126	-0.095775
127	-0.360364
128	-0.512228
129	0.788755
130	3.640306
131	4.504815
132	5.691454
133	0.066341
134	-0.340227
135	-0.315109
136	0.259405
137	1.489531
138	1.294610
139	1.981649
140	0.469848
141	-0.285171
142	-0.223383
143	-0.751067
144	-0.767973
145	-0.616150
146	0.454981
147	0.118813
148	-0.310545
149	-0.302323
150	-0.888370
151	-0.712408
152	-0.690228
153	-0.428406
154	-0.335686
155	-0.223645
156	-0.284531
157	-0.165215
158	-0.331683
159	-0.079263
160	-0.412800
161	-0.386442
162	-0.511965
163	-0.619810
164	-0.276016
165	-0.543893
166	-0.518645
167	-0.475198
168	-0.553114
169	-0.394358
170	0.172300
171	-0.094043
172	-0.120206
173	-0.236586
174	-0.488432
175	0.195864
176	-0.340362
177	-0.465066
178	-0.100696
179	0.157258
180	-0.341245
181	-0.256221
182	-0.050832
183	0.039869
184	0.102477
185	1.097826
186	2.991188
187	-0.301795
188	-0.227794
189	-0.346490
190	-0.168563
191	-0.053209
192	-0.389305
193	-0.283656
194	-0.719841
195	-0.288272
196	-0.287328
197	0.100942
198	-0.478626
199	-0.567904
200	-0.476443
201	-0.314488
202	-0.258447
203	-0.337981
204	-0.798218
205	0.007984
206	4.728397
207	1.433049
208	-0.058691
209	-0.477020
210	-0.729111
211	-0.679103
212	-0.726730
213	-0.104495
214	-0.139600
215	-0.579584
216	-0.784038
217	-0.849159
218	-0.558117
219	-0.816722
220	0.269770
221	-0.495258
222	-0.624236
223	-0.315194
224	-0.255587
225	-0.646093
226	-0.042695
227	-0.657311
228	-0.550792
229	-0.869021
230	-0.786557
231	-0.341516
232	-0.263109
233	-0.378526
234	-0.351708
235	-0.305039
236	-0.636590
237	-0.536709
238	-0.428706
239	-0.084008
240	-0.414087
241	-0.227239
242	-0.273649
243	1.584100
244	0.342693
245	2.217201
246	0.834600
247	0.675982
248	1.145892
249	0.082793
250	1.113655
251	-0.136776
252	-0.227473
253	0.086678
254	0.060458
255	0.066264
256	-0.235706
257	-0.082872
258	0.028146
259	-0.300172
260	-0.701947
261	-0.808738
262	-0.028684
263	-0.058222
264	-0.221604
265	-0.133331
266	-0.831005
267	-0.711694
268	-0.650262
269	-0.579722
270	-0.460192
271	-0.363038
272	-0.355382
273	-0.458991
274	-0.371947
275	-0.307221
276	-0.773272
277	-0.286382
278	-0.660099
279	-0.209773
280	-0.247664
281	-0.399931
282	-0.420974
283	-0.054467
284	0.283918
285	-0.262369
286	-0.035784
287	0.088749
288	-0.108092
289	0.051191
290	0.207801
291	0.344041
292	1.086952
293	0.242778
294	1.414398
295	1.515906
296	3.806631
297	2.399350
298	7.832178
299	0.780206
300	0.149726
301	-0.008567
302	-0.615607
303	-0.514635
304	-0.177495
305	-0.788187
306	0.699913
307	-0.295538
308	-0.215191
309	0.350557
310	-0.414106
311	-0.035807
312	-0.199204
313	-0.450445
314	-0.580304
315	-0.337782
316	0.387409
317	0.011988
318	-0.358039
319	-0.351105
320	-0.362445
321	-0.251294
322	-0.664250
323	-0.456306
324	-0.888647
325	-0.834671
326	-0.798750
327	-0.719134
328	-0.834647
329	-0.770111
330	-0.407269
331	-0.471099
332	-0.304612
333	-0.216418
334	-0.289913
335	-0.388607
336	-0.381414
337	-0.408705
338	-0.136320
339	-0.253878
340	-0.612752
341	-0.331409
342	-0.417621
343	-0.608421
344	-0.485872
345	-0.489583
346	-0.557394
347	-0.481241
348	-0.559404
349	-0.338734
350	-0.306741
351	-0.443196
352	-0.680209
353	-0.445973
354	-0.444687
355	-0.695347
356	-0.683101
357	-0.060469
358	-0.246977
359	-0.514009
360	-0.431525
361	-0.472346
362	-0.736520
363	-0.061060
364	-0.043074
365	-0.299003
366	-0.204787
367	0.092232
368	-0.344364
369	-0.493530
370	-0.270484
371	-0.552528
372	-0.166648
373	-0.322692
374	-0.340702
375	-0.357782
376	-0.416219
377	-0.534597
378	-0.408457
379	-0.251141
380	-0.648455
381	0.064277
382	-0.593003
383	0.151585
384	-0.255308
385	0.941198
386	0.106241
387	-0.444574
388	0.934634
389	0.033824
390	-0.231949
391	-0.174127
392	0.213425
393	0.557186
394	0.168968
395	-0.107059
396	-0.417764
397	0.228559
398	2.889586
399	2.195973
400	0.418882
401	-0.260688
402	-0.343296
403	-0.097832
404	0.322926
405	-0.273489
406	-0.527261
407	-0.057508
408	0.316311
409	-0.107835
410	0.157998
411	-0.468453
412	-0.687547
413	-0.349986
414	-0.008643
415	-0.027344
416	0.060491
417	-0.362275
418	2.920428
419	0.198227
420	-999
421	-999
